   3.46020772E-03     1.6766304969787598     
   6.92041544E-03     1.2309876680374146     
   1.03806229E-02     1.6136817932128906     
   1.38408309E-02     1.0557096004486084     
   1.73010379E-02     1.9241278171539307     
   2.07612459E-02     1.3351974487304688     
   2.42214538E-02     1.2890460491180420     
   2.76816618E-02     1.9275782108306885     
   3.11418697E-02     1.2495779991149902     
   3.46020758E-02     1.8084127902984619     
   3.80622819E-02     1.0548870563507080     
   4.15224880E-02     1.6610014438629150     
   4.49826941E-02     1.9389517307281494     
   4.84429002E-02     1.9652146100997925     
   5.19031063E-02     1.0777726173400879     
   5.53633124E-02     1.7583827972412109     
   5.88235185E-02     1.8894201517105103     
   6.22837245E-02     1.5524477958679199     
   6.57439306E-02     1.5813412666320801     
   6.92041367E-02     1.9100930690765381     
   7.26643428E-02     1.1647686958312988     
   7.61245489E-02     1.6187236309051514     
   7.95847550E-02     1.5614695549011230     
   8.30449611E-02     1.8141417503356934     
   8.65051672E-02     1.2009464502334595     
   8.99653733E-02     1.1503506898880005     
   9.34255794E-02     1.9122343063354492     
   9.68857855E-02     1.2131147384643555     
  0.100345992         1.6353654861450195     
  0.103806198         1.1286501884460449     
  0.107266404         1.6919732093811035     
  0.110726610         1.5875949859619141     
  0.114186816         1.6295080184936523     
  0.117647022         1.5850844383239746     
  0.121107228         1.6880891323089600     
  0.124567434         1.8105057477951050     
  0.128027648         1.3918406963348389     
  0.131487861         1.2163411378860474     
  0.134948075         1.1191120147705078     
  0.138408288         1.7105529308319092     
  0.141868502         1.9838469028472900     
  0.145328715         1.3570032119750977     
  0.148788929         1.3165606260299683     
  0.152249143         1.1205017566680908     
  0.155709356         1.6778004169464111     
  0.159169570         1.1180553436279297     
  0.162629783         1.5979928970336914     
  0.166089997         1.2257466316223145     
  0.169550210         1.3985471725463867     
  0.173010424         1.3695578575134277     
  0.176470637         1.0569853782653809     
  0.179930851         1.7613312005996704     
  0.183391064         1.0096689462661743     
  0.186851278         1.3283791542053223     
  0.190311491         1.5949959754943848     
  0.193771705         1.5278038978576660     
  0.197231919         1.3274784088134766     
  0.200692132         1.7518390417098999     
  0.204152346         1.4748687744140625     
  0.207612559         1.1280281543731689     
  0.211072773         1.6655576229095459     
  0.214532986         1.0084637403488159     
  0.217993200         1.5143418312072754     
  0.221453413         1.2875401973724365     
  0.224913627         1.1052498817443848     
  0.228373840         1.2223125696182251     
  0.231834054         1.7627630233764648     
  0.235294268         1.3756053447723389     
  0.238754481         1.8776276111602783     
  0.242214695         1.0208556652069092     
  0.245674908         1.1025605201721191     
  0.249135122         1.3626751899719238     
  0.252595335         1.3523925542831421     
  0.256055534        0.96816039085388184     
  0.259515733         1.8071835041046143     
  0.262975931         1.0938624143600464     
  0.266436130         1.3276034593582153     
  0.269896328         1.0246942043304443     
  0.273356527         1.4399213790893555     
  0.276816726         1.7662243843078613     
  0.280276924         1.7334896326065063     
  0.283737123         1.5489287376403809     
  0.287197322         1.8170228004455566     
  0.290657520         1.0495755672454834     
  0.294117719         1.1310812234878540     
  0.297577918         1.7617866992950439     
  0.301038116        0.98163813352584839     
  0.304498315         1.1737350225448608     
  0.307958513         1.0833401679992676     
  0.311418712         1.3512032032012939     
  0.314878911         1.0472437143325806     
  0.318339109         1.3099858760833740     
  0.321799308         1.3229516744613647     
  0.325259507         1.5387686491012573     
  0.328719705         1.2623474597930908     
  0.332179904         1.1270945072174072     
  0.335640103         1.7992981672286987     
  0.339100301         1.5868986845016479     
  0.342560500         1.0359866619110107     
  0.346020699         1.2976137399673462     
  0.349480897         1.0920622348785400     
  0.352941096         1.2023711204528809     
  0.356401294         1.1699482202529907     
  0.359861493         1.4359165430068970     
  0.363321692        0.94906002283096313     
  0.366781890         1.9218118190765381     
  0.370242089         1.7217733860015869     
  0.373702288         1.6263706684112549     
  0.377162486         1.3251792192459106     
  0.380622685         1.5256052017211914     
  0.384082884         1.5970054864883423     
  0.387543082         1.3152673244476318     
  0.391003281         1.0257110595703125     
  0.394463480         1.5228916406631470     
  0.397923678         1.8921999931335449     
  0.401383877         1.2972607612609863     
  0.404844075         1.7800933122634888     
  0.408304274         1.5627624988555908     
  0.411764473         1.8813840150833130     
  0.415224671         1.1343781948089600     
  0.418684870         1.5741699934005737     
  0.422145069         1.7051157951354980     
  0.425605267         1.2442891597747803     
  0.429065466         1.0477266311645508     
  0.432525665         1.5245078802108765     
  0.435985863         1.0691747665405273     
  0.439446062         1.7539032697677612     
  0.442906260         1.6320477724075317     
  0.446366459         1.4387145042419434     
  0.449826658         1.0986936092376709     
  0.453286856         1.5636990070343018     
  0.456747055         1.2832458019256592     
  0.460207254         1.2638705968856812     
  0.463667452         1.3626751899719238     
  0.467127651         1.8888897895812988     
  0.470587850         1.0730481147766113     
  0.474048048         1.5004323720932007     
  0.477508247         1.0014767646789551     
  0.480968446         1.6932401657104492     
  0.484428644        0.97415572404861450     
  0.487888843         1.3133132457733154     
  0.491349041         1.7071964740753174     
  0.494809240         1.0506184101104736     
  0.498269439         1.4698683023452759     
  0.501729667         1.5022255182266235     
  0.505189896         1.2083467245101929     
  0.508650124         1.0435627698898315     
  0.512110353         1.7520502805709839     
  0.515570581         1.7106144428253174     
  0.519030809        0.88217675685882568     
  0.522491038         1.0899643898010254     
  0.525951266         1.3063364028930664     
  0.529411495        0.98247176408767700     
  0.532871723         1.0697796344757080     
  0.536331952        0.90939491987228394     
  0.539792180        0.95200395584106445     
  0.543252409        0.88243705034255981     
  0.546712637         1.6477164030075073     
  0.550172865         1.8437757492065430     
  0.553633094         1.3295515775680542     
  0.557093322         1.2558513879776001     
  0.560553551         1.2349269390106201     
  0.564013779         1.3909726142883301     
  0.567474008         1.0541975498199463     
  0.570934236         1.0460778474807739     
  0.574394464        0.92354947328567505     
  0.577854693         1.0979785919189453     
  0.581314921         1.4060938358306885     
  0.584775150         1.7508958578109741     
  0.588235378        0.85572272539138794     
  0.591695607        0.86567258834838867     
  0.595155835         1.4436357021331787     
  0.598616064         1.7894670963287354     
  0.602076292        0.86217349767684937     
  0.605536520         1.6937829256057739     
  0.608996749         1.5712978839874268     
  0.612456977         1.1456618309020996     
  0.615917206        0.83179020881652832     
  0.619377434         1.1045978069305420     
  0.622837663        0.85878193378448486     
  0.626297891         1.2696580886840820     
  0.629758120        0.87160241603851318     
  0.633218348        0.91934436559677124     
  0.636678576         1.6460281610488892     
  0.640138805         1.5133540630340576     
  0.643599033         1.3142409324645996     
  0.647059262         1.6355911493301392     
  0.650519490         1.5462813377380371     
  0.653979719         1.6520314216613770     
  0.657439947         1.2895336151123047     
  0.660900176         1.2453165054321289     
  0.664360404         1.7084536552429199     
  0.667820632         1.4262211322784424     
  0.671280861        0.87859332561492920     
  0.674741089        0.98928493261337280     
  0.678201318         1.6306345462799072     
  0.681661546         1.2008175849914551     
  0.685121775        0.83138602972030640     
  0.688582003         1.5143406391143799     
  0.692042232        0.80722236633300781     
  0.695502460         1.3015556335449219     
  0.698962688         1.7435340881347656     
  0.702422917         1.4146083593368530     
  0.705883145         1.6558666229248047     
  0.709343374         1.1292378902435303     
  0.712803602        0.87818783521652222     
  0.716263831         1.4341571331024170     
  0.719724059         1.7154839038848877     
  0.723184288         1.2333843708038330     
  0.726644516        0.99394863843917847     
  0.730104744         1.3589179515838623     
  0.733564973         1.1085910797119141     
  0.737025201         1.7228035926818848     
  0.740485430        0.80359399318695068     
  0.743945658        0.80152332782745361     
  0.747405887         1.3071486949920654     
  0.750866115        0.80768710374832153     
  0.754326344        0.95969551801681519     
  0.757786572         1.5160093307495117     
  0.761246800         1.3768416643142700     
  0.764707029         1.4278569221496582     
  0.768167257         1.0303072929382324     
  0.771627486        0.74708551168441772     
  0.775087714         1.1158374547958374     
  0.778547943         1.3520878553390503     
  0.782008171        0.77928370237350464     
  0.785468400         1.5683194398880005     
  0.788928628        0.94329822063446045     
  0.792388856         1.4073584079742432     
  0.795849085         1.1997528076171875     
  0.799309313         1.4492371082305908     
  0.802769542         1.1496821641921997     
  0.806229770         1.2870502471923828     
  0.809689999        0.93255251646041870     
  0.813150227        0.92516916990280151     
  0.816610456         1.0089669227600098     
  0.820070684        0.71521532535552979     
  0.823530912         1.0810132026672363     
  0.826991141         1.6385612487792969     
  0.830451369         1.0726101398468018     
  0.833911598        0.99208348989486694     
  0.837371826         1.5826635360717773     
  0.840832055         1.5945351123809814     
  0.844292283         1.3895001411437988     
  0.847752512        0.76692843437194824     
  0.851212740        0.74205052852630615     
  0.854672968         1.2859070301055908     
  0.858133197        0.68273741006851196     
  0.861593425         1.1450819969177246     
  0.865053654        0.83580958843231201     
  0.868513882         1.0909545421600342     
  0.871974111         1.6381354331970215     
  0.875434339         1.5625691413879395     
  0.878894567         1.1119014024734497     
  0.882354796         1.4528937339782715     
  0.885815024         1.3542459011077881     
  0.889275253         1.3513212203979492     
  0.892735481         1.2941560745239258     
  0.896195710        0.74569660425186157     
  0.899655938         1.1390115022659302     
  0.903116167         1.0595045089721680     
  0.906576395         1.3911406993865967     
  0.910036623        0.92505764961242676     
  0.913496852         1.3177583217620850     
  0.916957080         1.4118473529815674     
  0.920417309        0.86816459894180298     
  0.923877537         1.4065862894058228     
  0.927337766         1.0020716190338135     
  0.930797994        0.78950083255767822     
  0.934258223        0.69627225399017334     
  0.937718451         1.5079112052917480     
  0.941178679         1.5446982383728027     
  0.944638908        0.76764011383056641     
  0.948099136        0.81296336650848389     
  0.951559365        0.74168795347213745     
  0.955019593         1.1107463836669922     
  0.958479822         1.2862447500228882     
  0.961940050         1.4218840599060059     
  0.965400279        0.75508576631546021     
  0.968860507        0.63547515869140625     
  0.972320735         1.2152163982391357     
  0.975780964        0.91622555255889893     
  0.979241192        0.87934195995330811     
  0.982701421         1.1889145374298096     
  0.986161649         1.5058566331863403     
  0.989621878        0.78815311193466187     
  0.993082106        0.89423382282257080     
  0.996542335         1.4541342258453369     
   1.00000250         1.4701726436614990     
   1.00346267        0.90653121471405029     
   1.00692284        0.76989001035690308     
   1.01038301         1.3384072780609131     
   1.01384318        0.60992377996444702     
   1.01730335         1.2989735603332520     
   1.02076352        0.57454836368560791     
   1.02422369        0.68090724945068359     
   1.02768385        0.88356262445449829     
   1.03114402        0.64479535818099976     
   1.03460419        0.51839977502822876     
   1.03806436         1.1268191337585449     
   1.04152453        0.87345451116561890     
   1.04498470        0.71825808286666870     
   1.04844487        0.57554304599761963     
   1.05190504         1.3119248151779175     
   1.05536520         1.1268373727798462     
   1.05882537        0.90741169452667236     
   1.06228554        0.66646027565002441     
   1.06574571        0.74427205324172974     
   1.06920588         1.3671851158142090     
   1.07266605        0.60545748472213745     
   1.07612622         1.2890752553939819     
   1.07958639        0.98570257425308228     
   1.08304656         1.4279519319534302     
   1.08650672        0.63507080078125000     
   1.08996689         1.0997880697250366     
   1.09342706         1.1120365858078003     
   1.09688723        0.57738143205642700     
   1.10034740         1.3258558511734009     
   1.10380757        0.72357785701751709     
   1.10726774         1.1198444366455078     
   1.11072791         1.1444789171218872     
   1.11418808         1.2353187799453735     
   1.11764824         1.1286249160766602     
   1.12110841         1.1651110649108887     
   1.12456858        0.71360111236572266     
   1.12802875        0.59749269485473633     
   1.13148892        0.66470265388488770     
   1.13494909        0.84899079799652100     
   1.13840926        0.85364258289337158     
   1.14186943        0.79261368513107300     
   1.14532959        0.92219328880310059     
   1.14878976        0.69249331951141357     
   1.15224993         1.1363810300827026     
   1.15571010        0.64519667625427246     
   1.15917027        0.48401364684104919     
   1.16263044        0.73277223110198975     
   1.16609061        0.95353412628173828     
   1.16955078        0.71450245380401611     
   1.17301095        0.80238950252532959     
   1.17647111        0.48894926905632019     
   1.17993128         1.1516039371490479     
   1.18339145         1.1170551776885986     
   1.18685162         1.2575798034667969     
   1.19031179        0.93605768680572510     
   1.19377196         1.0708119869232178     
   1.19723213        0.91500735282897949     
   1.20069230        0.41078373789787292     
   1.20415246         1.1011985540390015     
   1.20761263         1.1544008255004883     
   1.21107280        0.64887475967407227     
   1.21453297        0.66436624526977539     
   1.21799314        0.49635162949562073     
   1.22145331         1.2079427242279053     
   1.22491348        0.52526378631591797     
   1.22837365        0.41070625185966492     
   1.23183382        0.78660678863525391     
   1.23529398        0.35655891895294189     
   1.23875415        0.41683495044708252     
   1.24221432        0.41705846786499023     
   1.24567449         1.1830917596817017     
   1.24913466        0.97780603170394897     
   1.25259483        0.87923431396484375     
   1.25605500        0.38622781634330750     
   1.25951517        0.68884420394897461     
   1.26297534         1.0889315605163574     
   1.26643550        0.74207770824432373     
   1.26989567        0.61766409873962402     
   1.27335584         1.1065777540206909     
   1.27681601        0.85058581829071045     
   1.28027618         1.0209367275238037     
   1.28373635        0.79318666458129883     
   1.28719652        0.73993796110153198     
   1.29065669        0.58923256397247314     
   1.29411685        0.54154551029205322     
   1.29757702        0.97769629955291748     
   1.30103719        0.33146190643310547     
   1.30449736         1.0938291549682617     
   1.30795753        0.27361470460891724     
   1.31141770         1.0565540790557861     
   1.31487787         1.1009342670440674     
   1.31833804         1.2296527624130249     
   1.32179821        0.88321936130523682     
   1.32525837        0.71032136678695679     
   1.32871854         1.1973240375518799     
   1.33217871        0.68181544542312622     
   1.33563888         1.0101999044418335     
   1.33909905        0.69730949401855469     
   1.34255922        0.52044373750686646     
   1.34601939        0.55863022804260254     
   1.34947956         1.0266398191452026     
   1.35293972        0.57318449020385742     
   1.35639989         1.1051012277603149     
   1.35986006        0.82764613628387451     
   1.36332023        0.48315858840942383     
   1.36678040        0.56480789184570312     
   1.37024057        0.76972389221191406     
   1.37370074        0.75921964645385742     
   1.37716091        0.22007179260253906     
   1.38062108        0.80790650844573975     
   1.38408124        0.62896406650543213     
   1.38754141        0.26433515548706055     
   1.39100158         1.1054719686508179     
   1.39446175        0.29013371467590332     
   1.39792192         1.1286693811416626     
   1.40138209        0.66903078556060791     
   1.40484226        0.82433706521987915     
   1.40830243        0.39310133457183838     
   1.41176260        0.98222339153289795     
   1.41522276        0.75784820318222046     
   1.41868293         1.1172647476196289     
   1.42214310        0.29744267463684082     
   1.42560327         1.0427094697952271     
   1.42906344        0.26498758792877197     
   1.43252361        0.64753401279449463     
   1.43598378        0.68954122066497803     
   1.43944395        0.31410145759582520     
   1.44290411        0.93593567609786987     
   1.44636428        0.76608872413635254     
   1.44982445        0.83777958154678345     
   1.45328462        0.46078258752822876     
   1.45674479         1.0117069482803345     
   1.46020496        0.16042777895927429     
   1.46366513        0.49581927061080933     
   1.46712530        0.22805866599082947     
   1.47058547        0.80286544561386108     
   1.47404563        0.43053412437438965     
   1.47750580        0.52808248996734619     
   1.48096597        0.91234451532363892     
   1.48442614        0.11328735202550888     
   1.48788631        0.28432357311248779     
   1.49134648        0.83441239595413208     
   1.49480665        0.13785985112190247     
   1.49826682        0.15451243519783020     
   1.50172698         1.0246959924697876     
   1.50518715        0.20766316354274750     
   1.50864732        0.35567641258239746     
   1.51210749         1.0477641820907593     
   1.51556766         1.0125691890716553     
   1.51902783        0.54953354597091675     
   1.52248800        0.37592720985412598     
   1.52594817        0.65436571836471558     
   1.52940834        0.45711618661880493     
   1.53286850        0.38250604271888733     
   1.53632867        0.51424723863601685     
   1.53978884        0.80136322975158691     
   1.54324901        0.48351055383682251     
   1.54670918        0.45947313308715820     
   1.55016935        0.59292334318161011     
   1.55362952        0.63047200441360474     
   1.55708969        0.84964680671691895     
   1.56054986        0.66727280616760254     
   1.56401002        0.65444767475128174     
   1.56747019        0.25271528959274292     
   1.57093036        0.48747846484184265     
   1.57439053        0.30228516459465027     
   1.57785070        0.90827608108520508     
   1.58131087        0.94946235418319702     
   1.58477104        0.31702274084091187     
   1.58823121         5.2559502422809601E-002
   1.59169137        0.36149936914443970     
   1.59515154        0.85445189476013184     
   1.59861171         4.5487608760595322E-002
   1.60207188        0.91505700349807739     
   1.60553205        0.89402151107788086     
   1.60899222        0.46846216917037964     
   1.61245239        0.20828470587730408     
   1.61591256        0.50703597068786621     
   1.61937273        0.71816277503967285     
   1.62283289        0.21429951488971710     
   1.62629306        0.86325269937515259     
   1.62975323        0.88474678993225098     
   1.63321340        0.19409960508346558     
   1.63667357        0.53219664096832275     
   1.64013374        -3.8806013762950897E-002
   1.64359391        0.13569532334804535     
   1.64705408        -1.3698883354663849E-002
   1.65051425        0.10577174276113510     
   1.65397441         2.3944847285747528E-002
   1.65743458        0.72016197443008423     
   1.66089475        -1.5710383653640747E-002
   1.66435492         9.9391467869281769E-002
   1.66781509        0.52246737480163574     
   1.67127526         4.8497341573238373E-002
   1.67473543        -9.7718156874179840E-002
   1.67819560        0.30623465776443481     
   1.68165576        0.36741462349891663     
   1.68511593        0.42447984218597412     
   1.68857610        0.30669501423835754     
   1.69203627        0.45622843503952026     
   1.69549644        0.40053135156631470     
   1.69895661         1.0305196046829224E-002
   1.70241678        0.16643795371055603     
   1.70587695        -4.8033893108367920E-002
   1.70933712        -4.1393071413040161E-002
   1.71279728        0.18091259896755219     
   1.71625745         5.3915992379188538E-002
   1.71971762        0.17449808120727539     
   1.72317779        0.31779298186302185     
   1.72663796        0.16745625436306000     
   1.73009813        -7.7908456325531006E-002
   1.73355830        0.50913095474243164     
   1.73701847        0.27712032198905945     
   1.74047863        0.24328234791755676     
   1.74393880       -0.14010338485240936     
   1.74739897        0.59503036737442017     
   1.75085914        0.25199514627456665     
   1.75431931         9.2629551887512207E-002
   1.75777948       -0.17431454360485077     
   1.76123965        0.45372998714447021     
   1.76469982        0.11832468211650848     
   1.76815999         4.1335701942443848E-002
   1.77162015        0.13087992370128632     
   1.77508032        0.10326336324214935     
   1.77854049        -8.4640547633171082E-002
   1.78200066        0.73457670211791992     
   1.78546083        0.19839116930961609     
   1.78892100        0.36699658632278442     
   1.79238117        -8.5635975003242493E-002
   1.79584134        0.27034640312194824     
   1.79930151        -2.4237960577011108E-002
   1.80276167        0.55851781368255615     
   1.80622184        0.54881024360656738     
   1.80968201        -3.3047825098037720E-002
   1.81314218        0.20149503648281097     
   1.81660235        0.63796651363372803     
   1.82006252       -0.15470480918884277     
   1.82352269       -0.20292907953262329     
   1.82698286        0.62108206748962402     
   1.83044302         5.5838376283645630E-002
   1.83390319        0.23286679387092590     
   1.83736336        0.72478413581848145     
   1.84082353        0.50521641969680786     
   1.84428370        0.29889222979545593     
   1.84774387        0.62603640556335449     
   1.85120404        -9.7084045410156250E-002
   1.85466421        0.32365962862968445     
   1.85812438        0.61739271879196167     
   1.86158454        0.18286249041557312     
   1.86504471       -0.22569337487220764     
   1.86850488       -0.14345875382423401     
   1.87196505        0.59845834970474243     
   1.87542522        0.56043434143066406     
   1.87888539        -4.8263967037200928E-003
   1.88234556        0.10185995697975159     
   1.88580573        0.56515431404113770     
   1.88926589        0.47253417968750000     
   1.89272606         6.3666015863418579E-002
   1.89618623        0.41410070657730103     
   1.89964640        0.29999348521232605     
   1.90310657        0.56976211071014404     
   1.90656674        0.57281422615051270     
   1.91002691       -0.19320139288902283     
   1.91348708        0.25499585270881653     
   1.91694725        -9.1348797082901001E-002
   1.92040741        0.63166278600692749     
   1.92386758        -4.3799072504043579E-002
   1.92732775         6.7153990268707275E-002
   1.93078792        0.38645547628402710     
   1.93424809        0.34346315264701843     
   1.93770826        0.16308709979057312     
   1.94116843       -0.10355806350708008     
   1.94462860       -0.36137315630912781     
   1.94808877       -0.28772121667861938     
   1.95154893       -0.32216316461563110     
   1.95500910       -0.16260349750518799     
   1.95846927        0.50292658805847168     
   1.96192944        -5.6890845298767090E-002
   1.96538961       -0.11028930544853210     
   1.96884978        0.14465931057929993     
   1.97230995       -0.29295551776885986     
   1.97577012        0.28334298729896545     
   1.97923028       -0.38133159279823303     
   1.98269045       -0.15829104185104370     
   1.98615062       -0.18762728571891785     
   1.98961079         6.4981579780578613E-003
   1.99307096       -0.15983659029006958     
   1.99653113        0.33473420143127441     
   1.99999130       -0.41075089573860168     
   2.00345159        0.13846948742866516     
   2.00691175       -0.27494764328002930     
   2.01037192        0.17237022519111633     
   2.01383209        -9.1067671775817871E-002
   2.01729226       -0.11002981662750244     
   2.02075243       -0.31484267115592957     
   2.02421260       -0.19346937537193298     
   2.02767277         4.6893388032913208E-002
   2.03113294         5.2521169185638428E-002
   2.03459311       -0.21765741705894470     
   2.03805327        -5.3613424301147461E-002
   2.04151344        -5.3667724132537842E-003
   2.04497361       -0.25057724118232727     
   2.04843378        0.27998629212379456     
   2.05189395        0.15056404471397400     
   2.05535412       -0.45406496524810791     
   2.05881429         5.3023308515548706E-002
   2.06227446         9.3689650297164917E-002
   2.06573462       -0.10902461409568787     
   2.06919479         9.2814236879348755E-002
   2.07265496       -0.47601494193077087     
   2.07611513        0.24150261282920837     
   2.07957530        0.48986515402793884     
   2.08303547       -0.44467237591743469     
   2.08649564       -0.48193550109863281     
   2.08995581       -0.12308889627456665     
   2.09341598       -0.45096501708030701     
   2.09687614        0.37668740749359131     
   2.10033631         6.9082140922546387E-002
   2.10379648        0.38280028104782104     
   2.10725665        0.18069523572921753     
   2.11071682        0.43562471866607666     
   2.11417699        -3.2840788364410400E-002
   2.11763716        0.29590731859207153     
   2.12109733        0.28739255666732788     
   2.12455750       -0.20223891735076904     
   2.12801766         7.7050089836120605E-002
   2.13147783       -0.50398224592208862     
   2.13493800        0.38875311613082886     
   2.13839817       -0.21410727500915527     
   2.14185834       -0.40403741598129272     
   2.14531851        0.41835707426071167     
   2.14877868        0.27463918924331665     
   2.15223885       -0.43265068531036377     
   2.15569901       -0.19991272687911987     
   2.15915918        -3.3597528934478760E-002
   2.16261935       -0.34829783439636230     
   2.16607952       -0.19735950231552124     
   2.16953969       -0.17196160554885864     
   2.17299986       -0.21697056293487549     
   2.17646003        0.29777544736862183     
   2.17992020       -0.50131303071975708     
   2.18338037        -3.1276404857635498E-002
   2.18684053       -0.48977977037429810     
   2.19030070        -3.5560846328735352E-002
   2.19376087       -0.57701069116592407     
   2.19722104       -0.43850767612457275     
   2.20068121       -0.44813013076782227     
   2.20414138       -0.11973094940185547     
   2.20760155        0.21533834934234619     
   2.21106172       -0.45929694175720215     
   2.21452188       -0.35900723934173584     
   2.21798205       -0.21913784742355347     
   2.22144222         2.0578145980834961E-002
   2.22490239        0.26003444194793701     
   2.22836256         8.2183480262756348E-003
   2.23182273       -0.17638325691223145     
   2.23528290        0.19080120325088501     
   2.23874307        0.30003684759140015     
   2.24220324        -6.1417758464813232E-002
   2.24566340       -0.43632698059082031     
   2.24912357        -6.9912910461425781E-002
   2.25258374       -0.40423661470413208     
   2.25604391       -0.17048835754394531     
   2.25950408       -0.47546172142028809     
   2.26296425       -0.20012617111206055     
   2.26642442        0.19886040687561035     
   2.26988459       -0.33049219846725464     
   2.27334476       -0.58404499292373657     
   2.27680492       -0.59878480434417725     
   2.28026509        -1.4964997768402100E-002
   2.28372526       -0.57243096828460693     
   2.28718543        0.15048062801361084     
   2.29064560         5.0979733467102051E-002
   2.29410577       -0.46914678812026978     
   2.29756594       -0.57799762487411499     
   2.30102611       -0.50941920280456543     
   2.30448627       -0.52198594808578491     
   2.30794644       -0.47359156608581543     
   2.31140661         1.2189090251922607E-002
   2.31486678       -0.48497170209884644     
   2.31832695       -0.41415888071060181     
   2.32178712       -0.54863774776458740     
   2.32524729       -0.15402734279632568     
   2.32870746       -0.49989014863967896     
   2.33216763       -0.10913330316543579     
   2.33562779       -0.49641245603561401     
   2.33908796       -0.47089231014251709     
   2.34254813       -0.66852289438247681     
   2.34600830       -0.49684238433837891     
   2.34946847       -0.45933192968368530     
   2.35292864       -0.55357384681701660     
   2.35638881       -0.15132761001586914     
   2.35984898       -0.41832244396209717     
   2.36330914        0.23841518163681030     
   2.36676931        -7.4923872947692871E-002
   2.37022948       -0.60825240612030029     
   2.37368965       -0.65246361494064331     
   2.37714982       -0.24290913343429565     
   2.38060999       -0.54024714231491089     
   2.38407016       -0.72179460525512695     
   2.38753033         3.9163351058959961E-002
   2.39099050       -0.65620982646942139     
   2.39445066        -5.6651353836059570E-002
   2.39791083       -0.68838828802108765     
   2.40137100        0.15417772531509399     
   2.40483117       -0.54257166385650635     
   2.40829134       -0.66469526290893555     
   2.41175151       -0.20072084665298462     
   2.41521168       -0.33408689498901367     
   2.41867185       -0.12201082706451416     
   2.42213202       -0.20792770385742188     
   2.42559218        0.18128138780593872     
   2.42905235       -0.13675040006637573     
   2.43251252       -0.20260113477706909     
   2.43597269        -1.5276372432708740E-002
   2.43943286        0.14106529951095581     
   2.44289303       -0.59029972553253174     
   2.44635320       -0.16043555736541748     
   2.44981337       -0.10617536306381226     
   2.45327353         1.7766416072845459E-002
   2.45673370        0.12407988309860229     
   2.46019387       -0.20231771469116211     
   2.46365404       -0.26000905036926270     
   2.46711421       -0.33073800802230835     
   2.47057438       -0.67840969562530518     
   2.47403455       -0.75984662771224976     
   2.47749472       -0.38859617710113525     
   2.48095489        0.13632041215896606     
   2.48441505        0.17316401004791260     
   2.48787522         6.6816210746765137E-003
   2.49133539       -0.62099486589431763     
   2.49479556       -0.69397503137588501     
   2.49825573       -0.14901477098464966     
   2.50171590        -3.6268055438995361E-002
   2.50517607       -0.29852217435836792     
   2.50863624       -0.36203497648239136     
   2.51209641       -0.34392964839935303     
   2.51555657       -0.72723281383514404     
   2.51901674       -0.75079125165939331     
   2.52247691       -0.70784884691238403     
   2.52593708       -0.14580082893371582     
   2.52939725       -0.14023125171661377     
   2.53285742        -3.0379354953765869E-002
   2.53631759       -0.41390597820281982     
   2.53977776       -0.17633497714996338     
   2.54323792       -0.31635671854019165     
   2.54669809       -0.82168138027191162     
   2.55015826       -0.14013314247131348     
   2.55361843        0.14538717269897461     
   2.55707860       -0.77707529067993164     
   2.56053877       -0.43091946840286255     
   2.56399894       -0.58786308765411377     
   2.56745911       -0.50123304128646851     
   2.57091928        0.15433961153030396     
   2.57437944       -0.13601672649383545     
   2.57783961       -0.82703709602355957     
   2.58129978       -0.64561480283737183     
   2.58475995       -0.49199897050857544     
   2.58822012        0.14697909355163574     
   2.59168029         9.7946643829345703E-002
   2.59514046       -0.51360261440277100     
   2.59860063       -0.51789826154708862     
   2.60206079       -0.58027195930480957     
   2.60552096         6.3849627971649170E-002
   2.60898113       -0.39453279972076416     
   2.61244130       -0.81501966714859009     
   2.61590147       -0.49557036161422729     
   2.61936164       -0.24085372686386108     
   2.62282181       -0.12470346689224243     
   2.62628198        -7.0778429508209229E-002
   2.62974215        -6.1715841293334961E-003
   2.63320231       -0.58961987495422363     
   2.63666248       -0.20867598056793213     
   2.64012265       -0.46835780143737793     
   2.64358282        0.10242682695388794     
   2.64704299       -0.85419923067092896     
   2.65050316       -0.17681705951690674     
   2.65396333         9.7031712532043457E-002
   2.65742350         8.2671642303466797E-003
   2.66088367       -0.70114690065383911     
   2.66434383       -0.84426325559616089     
   2.66780400       -0.40135312080383301     
   2.67126417       -0.78914743661880493     
   2.67472434        -3.0683875083923340E-003
   2.67818451       -0.11331140995025635     
   2.68164468       -0.88136637210845947     
   2.68510485       -0.67837148904800415     
   2.68856502       -0.22032666206359863     
   2.69202518       -0.31721848249435425     
   2.69548535       -0.41468763351440430     
   2.69894552       -0.39975404739379883     
   2.70240569       -0.41175383329391479     
   2.70586586       -0.27524971961975098     
   2.70932603       -0.41455286741256714     
   2.71278620       -0.23134201765060425     
   2.71624637       -0.73431068658828735     
   2.71970654        -4.1099786758422852E-002
   2.72316670       -0.34409284591674805     
   2.72662687        -2.6612997055053711E-002
   2.73008704       -0.60775995254516602     
   2.73354721       -0.59203624725341797     
   2.73700738       -0.15769767761230469     
   2.74046755       -0.24363130331039429     
   2.74392772       -0.73140293359756470     
   2.74738789        -9.8491549491882324E-002
   2.75084805       -0.32852298021316528     
   2.75430822       -0.22705453634262085     
   2.75776839       -0.79078692197799683     
   2.76122856       -0.56861782073974609     
   2.76468873       -0.89089363813400269     
   2.76814890       -0.88619518280029297     
   2.77160907       -0.60987311601638794     
   2.77506924       -0.34380263090133667     
   2.77852941       -0.56250172853469849     
   2.78198957       -0.49181818962097168     
   2.78544974         4.2208552360534668E-002
   2.78890991       -0.19975477457046509     
   2.79237008       -0.69502514600753784     
   2.79583025       -0.71374845504760742     
   2.79929042       -0.59495472908020020     
   2.80275059       -0.41408628225326538     
   2.80621076       -0.13280200958251953     
   2.80967093       -0.35256481170654297     
   2.81313109       -0.86246359348297119     
   2.81659126       -0.87896162271499634     
   2.82005143       -0.49794858694076538     
   2.82351160       -0.33707463741302490     
   2.82697177       -0.24823653697967529     
   2.83043194        -5.2186429500579834E-002
   2.83389211       -0.13789796829223633     
   2.83735228         1.2461721897125244E-002
   2.84081244       -0.37481170892715454     
   2.84427261       -0.95526194572448730     
   2.84773278       -0.45030039548873901     
   2.85119295       -0.61863219738006592     
   2.85465312        -2.3579120635986328E-002
   2.85811329       -0.41395694017410278     
   2.86157346       -0.13405883312225342     
   2.86503363       -0.71757012605667114     
   2.86849380       -0.81503838300704956     
   2.87195396       -0.18651556968688965     
   2.87541413        -1.5666961669921875E-002
   2.87887430       -0.16885811090469360     
   2.88233447       -0.65177845954895020     
   2.88579464        -9.0858578681945801E-002
   2.88925481       -0.89822322130203247     
   2.89271498       -0.65826970338821411     
   2.89617515       -0.33870381116867065     
   2.89963531       -0.16770803928375244     
   2.90309548       -0.21175873279571533     
   2.90655565       -0.73771589994430542     
   2.91001582       -0.85771703720092773     
   2.91347599       -0.27210557460784912     
   2.91693616       -0.65239143371582031     
   2.92039633        -6.4367651939392090E-002
   2.92385650       -0.29481607675552368     
   2.92731667       -0.77748721837997437     
   2.93077683       -0.56828409433364868     
   2.93423700       -0.22730559110641479     
   2.93769717       -0.32921528816223145     
   2.94115734       -0.25416636466979980     
   2.94461751       -0.22879385948181152     
   2.94807768       -0.31452143192291260     
   2.95153785       -0.85573166608810425     
   2.95499802       -0.89144945144653320     
   2.95845819       -0.31346976757049561     
   2.96191835       -0.52072572708129883     
   2.96537852       -0.38055723905563354     
   2.96883869       -0.27530819177627563     
   2.97229886       -0.25848489999771118     
   2.97575903       -0.61208933591842651     
   2.97921920       -0.94561880826950073     
   2.98267937        -7.2761535644531250E-002
   2.98613954       -0.66221475601196289     
   2.98959970       -0.49874949455261230     
   2.99305987       -0.23267811536788940     
   2.99652004       -0.66746270656585693     
   2.99998021       -0.58412379026412964     
   3.00344038       -0.60081273317337036     
   3.00690055       -0.98362565040588379     
   3.01036072        -1.3188362121582031E-002
   3.01382089       -0.16081386804580688     
   3.01728106       -0.79335111379623413     
   3.02074122       -0.53635174036026001     
   3.02420139        -3.7213325500488281E-002
   3.02766156       -0.10764092206954956     
   3.03112173        -7.3227584362030029E-002
   3.03458190       -0.17687743902206421     
   3.03804207       -0.91206860542297363     
   3.04150224       -0.15812182426452637     
   3.04496241       -0.66508036851882935     
   3.04842257       -0.40578567981719971     
   3.05188274       -0.92746585607528687     
   3.05534291       -0.49877810478210449     
   3.05880308       -0.43124365806579590     
   3.06226325       -0.47371870279312134     
   3.06572342       -0.64191228151321411     
   3.06918359       -0.96481710672378540     
   3.07264376       -0.71796685457229614     
   3.07610393       -0.79758024215698242     
   3.07956409       -0.95585364103317261     
   3.08302426       -0.34878784418106079     
   3.08648443       -0.89265364408493042     
   3.08994460       -0.33907604217529297     
   3.09340477       -0.25954061746597290     
   3.09686494       -0.60729485750198364     
   3.10032511       -0.60976982116699219     
   3.10378528       -0.70629161596298218     
   3.10724545       -0.64941412210464478     
   3.11070561       -0.61278712749481201     
   3.11416578       -0.12875759601593018     
   3.11762595       -0.34755456447601318     
   3.12108612       -0.17519885301589966     
   3.12454629        -9.7180068492889404E-002
   3.12800646       -0.74554252624511719     
   3.13146663       -0.88275170326232910     
   3.13492680       -0.26897352933883667     
   3.13838696        -8.5266828536987305E-003
   3.14184713       -0.39328974485397339     
   3.14530730        -1.9861459732055664E-002
   3.14876747       -0.92624711990356445     
   3.15222764       -0.86677068471908569     
   3.15568781       -0.76182752847671509     
   3.15914798       -0.70429986715316772     
   3.16260815       -0.75480717420578003     
   3.16606832       -0.75218933820724487     
   3.16952848        -7.7513337135314941E-002
   3.17298865       -0.32074952125549316     
   3.17644882       -0.11527758836746216     
   3.17990899       -0.67626631259918213     
   3.18336916       -0.34200942516326904     
   3.18682933       -0.81222087144851685     
   3.19028950       -0.18569797277450562     
   3.19374967       -0.94639140367507935     
   3.19720984       -0.85088098049163818     
   3.20067000       -0.74185174703598022     
   3.20413017       -0.61928099393844604     
   3.20759034       -0.10782426595687866     
   3.21105051       -0.78669965267181396     
   3.21451068       -0.58026009798049927     
   3.21797085        -8.6828708648681641E-002
   3.22143102       -0.32246625423431396     
   3.22489119       -0.22355604171752930     
   3.22835135       -0.57734882831573486     
   3.23181152       -0.71088838577270508     
   3.23527169       -0.24784690141677856     
   3.23873186       -0.25162857770919800     
   3.24219203       -0.34609848260879517     
   3.24565220       -0.84146875143051147     
   3.24911237       -0.47070533037185669     
   3.25257254       -0.18995922803878784     
   3.25603271        -3.2675623893737793E-002
   3.25949287       -0.10728222131729126     
   3.26295304       -0.76046806573867798     
   3.26641321       -0.79492080211639404     
   3.26987338       -0.97944539785385132     
   3.27333355       -0.62717324495315552     
   3.27679372       -0.52825516462326050     
   3.28025389       -0.75017899274826050     
   3.28371406       -0.56213021278381348     
   3.28717422       -0.16025769710540771     
   3.29063439       -0.22665983438491821     
   3.29409456       -0.78409248590469360     
   3.29755473       -0.28835958242416382     
   3.30101490       -0.43994849920272827     
   3.30447507       -0.32570385932922363     
   3.30793524       -0.54590648412704468     
   3.31139541        -2.3847579956054688E-002
   3.31485558       -0.50374120473861694     
   3.31831574        -2.4645328521728516E-003
   3.32177591       -0.16940444707870483     
   3.32523608       -0.25345855951309204     
   3.32869625       -0.46937543153762817     
   3.33215642       -0.10407805442810059     
   3.33561659       -0.46707069873809814     
   3.33907676       -0.39638030529022217     
   3.34253693       -0.61469781398773193     
   3.34599710       -0.38410860300064087     
   3.34945726       -0.57543605566024780     
   3.35291743       -0.11851930618286133     
   3.35637760       -0.82086879014968872     
   3.35983777       -0.50315749645233154     
   3.36329794       -0.22312539815902710     
   3.36675811       -0.41132688522338867     
   3.37021828       -0.39858275651931763     
   3.37367845       -0.28759658336639404     
   3.37713861       -0.22376537322998047     
   3.38059878       -0.88403648138046265     
   3.38405895       -0.73069226741790771     
   3.38751912       -0.33966791629791260     
   3.39097929       -0.45380949974060059     
   3.39443946        -8.3974063396453857E-002
   3.39789963       -0.71133726835250854     
   3.40135980       -0.44872719049453735     
   3.40481997       -0.59829670190811157     
   3.40828013       -0.44869941473007202     
   3.41174030       -0.39535045623779297     
   3.41520047       -0.18059432506561279     
   3.41866064       -0.39092230796813965     
   3.42212081       -0.18004965782165527     
   3.42558098        -4.7151267528533936E-002
   3.42904115       -0.62317711114883423     
   3.43250132       -0.28029221296310425     
   3.43596148         5.9256553649902344E-003
   3.43942165       -0.30561810731887817     
   3.44288182       -0.38925945758819580     
   3.44634199       -0.31310075521469116     
   3.44980216       -0.66558265686035156     
   3.45326233       -0.37342822551727295     
   3.45672250       -0.87057763338088989     
   3.46018267       -0.38633042573928833     
   3.46364284       -0.76543295383453369     
   3.46710300       -0.65056616067886353     
   3.47056317       -0.58412438631057739     
   3.47402334       -0.58833259344100952     
   3.47748351       -0.20069122314453125     
   3.48094368       -0.18134176731109619     
   3.48440385       -0.24038195610046387     
   3.48786402         2.0236968994140625E-002
   3.49132419       -0.40039986371994019     
   3.49478436       -0.87450271844863892     
   3.49824452       -0.13787931203842163     
   3.50170469       -0.91775113344192505     
   3.50516486       -0.62263673543930054     
   3.50862503       -0.21850234270095825     
   3.51208520       -0.70492929220199585     
   3.51554537        -4.7123551368713379E-002
   3.51900554       -0.45190972089767456     
   3.52246571        -3.0590534210205078E-002
   3.52592587       -0.44288557767868042     
   3.52938604       -0.59530901908874512     
   3.53284621       -0.27155631780624390     
   3.53630638        -4.1985988616943359E-002
   3.53976655         7.5076341629028320E-002
   3.54322672       -0.91161149740219116     
   3.54668689       -0.81499004364013672     
   3.55014706       -0.72469103336334229     
   3.55360723        -7.9350113868713379E-002
   3.55706739        -2.9891669750213623E-002
   3.56052756       -0.15819072723388672     
   3.56398773        -4.5894980430603027E-002
   3.56744790       -0.43662309646606445     
   3.57090807       -0.33730262517929077     
   3.57436824       -0.17167210578918457     
   3.57782841       -0.71472513675689697     
   3.58128858       -0.28653037548065186     
   3.58474874       -0.27905851602554321     
   3.58820891       -0.54562294483184814     
   3.59166908       -0.71897852420806885     
   3.59512925       -0.51234704256057739     
   3.59858942        -4.6859920024871826E-002
   3.60204959       -0.17535382509231567     
   3.60550976       -0.52005195617675781     
   3.60896993       -0.79034006595611572     
   3.61243010       -0.63631850481033325     
   3.61589026       -0.28264534473419189     
   3.61935043       -0.56826871633529663     
   3.62281060       -0.68763267993927002     
   3.62627077       -0.66775894165039062     
   3.62973094       -0.65078443288803101     
   3.63319111       -0.54609519243240356     
   3.63665128       -0.39366018772125244     
   3.64011145         4.4375061988830566E-002
   3.64357162       -0.61540877819061279     
   3.64703178       -0.49072462320327759     
   3.65049195         5.3181052207946777E-003
   3.65395212       -0.24864733219146729     
   3.65741229        -6.7455470561981201E-002
   3.66087246       -0.36858546733856201     
   3.66433263       -0.23291575908660889     
   3.66779280         2.2619485855102539E-002
   3.67125297       -0.31460410356521606     
   3.67471313       -0.32514357566833496     
   3.67817330         7.1178317070007324E-002
   3.68163347       -0.59033322334289551     
   3.68509364       -0.42641693353652954     
   3.68855381       -0.47402107715606689     
   3.69201398       -0.71431684494018555     
   3.69547415       -0.69539660215377808     
   3.69893432       -0.20459902286529541     
   3.70239449        -4.1154623031616211E-002
   3.70585465        0.12408739328384399     
   3.70931482       -0.66701340675354004     
   3.71277499        0.11996197700500488     
   3.71623516       -0.53915923833847046     
   3.71969533         8.5953354835510254E-002
   3.72315550       -0.33542847633361816     
   3.72661567       -0.36318153142929077     
   3.73007584        0.16455048322677612     
   3.73353601       -0.44080549478530884     
   3.73699617        -2.3725450038909912E-002
   3.74045634       -0.68909889459609985     
   3.74391651       -0.31745254993438721     
   3.74737668         7.9639792442321777E-002
   3.75083685        -1.9631624221801758E-002
   3.75429702       -0.66901957988739014     
   3.75775719       -0.29071444272994995     
   3.76121736       -0.64183020591735840     
   3.76467752       -0.52952301502227783     
   3.76813769        0.16447204351425171     
   3.77159786        0.12295645475387573     
   3.77505803        0.19125401973724365     
   3.77851820       -0.27129733562469482     
   3.78197837        0.12473440170288086     
   3.78543854       -0.43397122621536255     
   3.78889871       -0.42892825603485107     
   3.79235888       -0.65726411342620850     
   3.79581904       -0.44819873571395874     
   3.79927921         8.4996223449707031E-003
   3.80273938       -0.73205077648162842     
   3.80619955        0.21050590276718140     
   3.80965972        -2.6310861110687256E-002
   3.81311989       -0.14801782369613647     
   3.81658006       -0.77651578187942505     
   3.82004023       -0.20161002874374390     
   3.82350039       -0.18048071861267090     
   3.82696056       -0.63108837604522705     
   3.83042073       -0.72497719526290894     
   3.83388090       -0.59832990169525146     
   3.83734107        -7.7696681022644043E-002
   3.84080124         9.4871520996093750E-003
   3.84426141        -4.3621361255645752E-002
   3.84772158       -0.13976639509201050     
   3.85118175       -0.70859158039093018     
   3.85464191        0.23459821939468384     
   3.85810208       -0.53683000802993774     
   3.86156225        -4.6005189418792725E-002
   3.86502242        -2.2913157939910889E-002
   3.86848259       -0.32973664999008179     
   3.87194276       -0.68317568302154541     
   3.87540293       -0.65207046270370483     
   3.87886310       -0.73646229505538940     
   3.88232327       -0.12938797473907471     
   3.88578343       -0.19929438829421997     
   3.88924360       -0.43086957931518555     
   3.89270377         1.8729209899902344E-002
   3.89616394       -0.18852192163467407     
   3.89962411       -0.21701097488403320     
   3.90308428         6.1929225921630859E-002
   3.90654445        0.15932297706604004     
   3.91000462       -0.14051115512847900     
   3.91346478        0.20445179939270020     
   3.91692495       -0.49000298976898193     
   3.92038512        0.17725342512130737     
   3.92384529        -2.1625578403472900E-002
   3.92730546       -0.49888527393341064     
   3.93076563        0.13749879598617554     
   3.93422580       -0.35914367437362671     
   3.93768597        0.22650337219238281     
   3.94114614       -0.29149651527404785     
   3.94460630         5.5858612060546875E-002
   3.94806647        0.28817337751388550     
   3.95152664       -0.10381948947906494     
   3.95498681       -0.37395840883255005     
   3.95844698        0.21256595849990845     
   3.96190715       -0.39150846004486084     
   3.96536732       -0.53358703851699829     
   3.96882749        -4.7318160533905029E-002
   3.97228765        -6.1725914478302002E-002
   3.97574782        -8.1799983978271484E-002
   3.97920799       -0.47458887100219727     
   3.98266816       -0.21901637315750122     
   3.98612833        -9.0103924274444580E-002
   3.98958850        0.13243752717971802     
   3.99304867       -0.15766048431396484     
   3.99650884       -0.51428395509719849     
   3.99996901        -9.2435240745544434E-002
   4.00342941        -2.5189638137817383E-002
   4.00688982         9.3308210372924805E-002
   4.01035023       -0.52008831501007080     
   4.01381063       -0.21242415904998779     
   4.01727104        0.22899955511093140     
   4.02073145       -0.35969537496566772     
   4.02419186       -0.28017830848693848     
   4.02765226        0.30507093667984009     
   4.03111267       -0.39316904544830322     
   4.03457308        0.17802935838699341     
   4.03803349         7.4702441692352295E-002
   4.04149389         9.5109999179840088E-002
   4.04495430       -0.40404409170150757     
   4.04841471       -0.29938143491744995     
   4.05187511         2.4509966373443604E-002
   4.05533552       -0.19469285011291504     
   4.05879593       -0.32137858867645264     
   4.06225634        0.36168843507766724     
   4.06571674       -0.55856043100357056     
   4.06917715       -0.53494042158126831     
   4.07263756        -2.9809474945068359E-002
   4.07609797        0.11279100179672241     
   4.07955837         8.2201838493347168E-002
   4.08301878        0.13721054792404175     
   4.08647919       -0.28423368930816650     
   4.08993959       -0.57043701410293579     
   4.09340000         1.9486546516418457E-002
   4.09686041       -0.44228142499923706     
   4.10032082        0.19876950979232788     
   4.10378122       -0.19634258747100830     
   4.10724163       -0.50403863191604614     
   4.11070204        0.28035056591033936     
   4.11416245       -0.37711626291275024     
   4.11762285       -0.42241972684860229     
   4.12108326         5.3207159042358398E-002
   4.12454367       -0.31454068422317505     
   4.12800407       -0.38908356428146362     
   4.13146448        0.32054030895233154     
   4.13492489        0.40911728143692017     
   4.13838530        0.45031440258026123     
   4.14184570         6.9663524627685547E-002
   4.14530611       -0.41921669244766235     
   4.14876652        -2.8210341930389404E-002
   4.15222692       -0.48750478029251099     
   4.15568733        -6.5022230148315430E-002
   4.15914774        0.27557337284088135     
   4.16260815        0.24222528934478760     
   4.16606855        0.22618365287780762     
   4.16952896        -2.2154748439788818E-002
   4.17298937        0.41132229566574097     
   4.17644978         1.2645184993743896E-002
   4.17991018       -0.50326478481292725     
   4.18337059       -0.45698839426040649     
   4.18683100        0.15710318088531494     
   4.19029140        -6.3367784023284912E-002
   4.19375181        0.12532141804695129     
   4.19721222        -3.4455806016921997E-002
   4.20067263         3.0563950538635254E-002
   4.20413303        0.16413724422454834     
   4.20759344        0.37186005711555481     
   4.21105385       -0.28238728642463684     
   4.21451426       -0.16895845532417297     
   4.21797466        0.18275710940361023     
   4.22143507        0.32432642579078674     
   4.22489548        0.43944814801216125     
   4.22835588        -4.4870346784591675E-002
   4.23181629       -0.41348564624786377     
   4.23527670       -0.25271221995353699     
   4.23873711        0.25177520513534546     
   4.24219751        0.46542602777481079     
   4.24565792        0.49725857377052307     
   4.24911833       -0.38346207141876221     
   4.25257874        0.36373326182365417     
   4.25603914        0.40373623371124268     
   4.25949955       -0.42571443319320679     
   4.26295996       -0.25295472145080566     
   4.26642036        -1.4661401510238647E-002
   4.26988077        0.55752754211425781     
   4.27334118       -0.17646941542625427     
   4.27680159        -5.8674395084381104E-002
   4.28026199         4.0165185928344727E-002
   4.28372240        0.46627554297447205     
   4.28718281        0.25389063358306885     
   4.29064322       -0.23669543862342834     
   4.29410362        0.46483728289604187     
   4.29756403         2.7692973613739014E-002
   4.30102444       -0.24049618840217590     
   4.30448484         4.1106015443801880E-002
   4.30794525        0.58259397745132446     
   4.31140566        -5.1897495985031128E-002
   4.31486607        0.54795396327972412     
   4.31832647       -0.33055841922760010     
   4.32178688       -0.14906412363052368     
   4.32524729        0.48836687207221985     
   4.32870770        -2.0535141229629517E-002
   4.33216810        -2.9389739036560059E-002
   4.33562851        0.18707281351089478     
   4.33908892        0.23382484912872314     
   4.34254932       -0.11838173866271973     
   4.34600973        0.15971723198890686     
   4.34947014        -9.2068821191787720E-002
   4.35293055       -0.19177821278572083     
   4.35639095        0.59184670448303223     
   4.35985136        0.50254410505294800     
   4.36331177         4.7304570674896240E-002
   4.36677217        0.22354698181152344     
   4.37023258        0.64657568931579590     
   4.37369299       -0.25840181112289429     
   4.37715340        -3.4441709518432617E-002
   4.38061380        0.17715150117874146     
   4.38407421        0.47250720858573914     
   4.38753462        0.49813407659530640     
   4.39099503        0.12850895524024963     
   4.39445543       -0.30785623192787170     
   4.39791584        0.49292367696762085     
   4.40137625        -6.8509161472320557E-002
   4.40483665        0.59148716926574707     
   4.40829706       -0.24400839209556580     
   4.41175747        0.12536484003067017     
   4.41521788        0.66210854053497314     
   4.41867828        0.13851734995841980     
   4.42213869        0.50285661220550537     
   4.42559910        0.25943270325660706     
   4.42905951        0.28280279040336609     
   4.43251991        0.25457194447517395     
   4.43598032        -8.4720045328140259E-002
   4.43944073        0.51411730051040649     
   4.44290113        0.19738477468490601     
   4.44636154       -0.15693032741546631     
   4.44982195       -0.21370208263397217     
   4.45328236        0.48622408509254456     
   4.45674276        -4.2822957038879395E-002
   4.46020317         2.3731261491775513E-002
   4.46366358        0.31027919054031372     
   4.46712399        -1.7946764826774597E-002
   4.47058439         9.7809195518493652E-002
   4.47404480        0.16581016778945923     
   4.47750521        0.57286423444747925     
   4.48096561        0.39389303326606750     
   4.48442602       -0.15639020502567291     
   4.48788643        0.60300350189208984     
   4.49134684         6.2945455312728882E-002
   4.49480724        0.58620733022689819     
   4.49826765        0.28496599197387695     
   4.50172806        0.51625198125839233     
   4.50518847       -0.10723492503166199     
   4.50864887         5.6067660450935364E-002
   4.51210928        0.74956029653549194     
   4.51556969        0.30758368968963623     
   4.51903009        -5.5119544267654419E-003
   4.52249050        0.74298417568206787     
   4.52595091        0.62953501939773560     
   4.52941132        0.75781714916229248     
   4.53287172        0.63128608465194702     
   4.53633213        0.82018113136291504     
   4.53979254        0.33841586112976074     
   4.54325294         3.4311190247535706E-002
   4.54671335        0.64174067974090576     
   4.55017376        0.36504864692687988     
   4.55363417        0.62569701671600342     
   4.55709457        -6.2600150704383850E-002
   4.56055498        0.28537371754646301     
   4.56401539        0.20862816274166107     
   4.56747580        0.84828424453735352     
   4.57093620         1.3688951730728149E-002
   4.57439661        0.41151526570320129     
   4.57785702         8.9706569910049438E-002
   4.58131742        0.83353847265243530     
   4.58477783        0.77175438404083252     
   4.58823824        0.69831627607345581     
   4.59169865        0.72946405410766602     
   4.59515905        0.50966346263885498     
   4.59861946        0.57757538557052612     
   4.60207987        0.20372122526168823     
   4.60554028         4.4873312115669250E-002
   4.60900068        0.47749978303909302     
   4.61246109        0.79233700037002563     
   4.61592150        0.40604168176651001     
   4.61938190         6.6896967589855194E-002
   4.62284231        0.16701906919479370     
   4.62630272         4.2011365294456482E-003
   4.62976313        0.59240919351577759     
   4.63322353        0.65559405088424683     
   4.63668394        0.63844186067581177     
   4.64014435        0.37995493412017822     
   4.64360476        -4.3445825576782227E-003
   4.64706516         6.3312977552413940E-002
   4.65052557        0.15982925891876221     
   4.65398598        0.26996546983718872     
   4.65744638        0.27709436416625977     
   4.66090679         3.1041484326124191E-002
   4.66436720        0.54906356334686279     
   4.66782761        0.85853695869445801     
   4.67128801         8.7277546525001526E-002
   4.67474842        0.42888268828392029     
   4.67820883        0.67418384552001953     
   4.68166924        0.33407336473464966     
   4.68512964        0.97004753351211548     
   4.68859005        0.65615618228912354     
   4.69205046        0.95139122009277344     
   4.69551086        0.82236230373382568     
   4.69897127         8.8755309581756592E-002
   4.70243168        0.20710152387619019     
   4.70589209         9.8661482334136963E-002
   4.70935249        0.39647486805915833     
   4.71281290        0.58856034278869629     
   4.71627331        0.81675577163696289     
   4.71973372        0.94052046537399292     
   4.72319412        0.89971333742141724     
   4.72665453        0.90036034584045410     
   4.73011494        0.62150698900222778     
   4.73357534        0.78476274013519287     
   4.73703575        0.48305478692054749     
   4.74049616        0.53436005115509033     
   4.74395657        0.68927741050720215     
   4.74741697        0.25590252876281738     
   4.75087738        0.39747148752212524     
   4.75433779        0.63292896747589111     
   4.75779819        0.85790431499481201     
   4.76125860        0.91820204257965088     
   4.76471901        0.25218793749809265     
   4.76817942        0.47185197472572327     
   4.77163982        0.29268446564674377     
   4.77510023        0.96730464696884155     
   4.77856064        0.26072180271148682     
   4.78202105        0.68945717811584473     
   4.78548145        0.42130139470100403     
   4.78894186        0.51789605617523193     
   4.79240227        0.99130296707153320     
   4.79586267        0.56574261188507080     
   4.79932308        0.21075533330440521     
   4.80278349        0.99524760246276855     
   4.80624390         1.0297950506210327     
   4.80970430        0.75918960571289062     
   4.81316471        0.80247879028320312     
   4.81662512        0.49279516935348511     
   4.82008553        0.79359966516494751     
   4.82354593        0.58509862422943115     
   4.82700634        0.49806454777717590     
   4.83046675        0.93112730979919434     
   4.83392715        0.65571355819702148     
   4.83738756         1.0380134582519531     
   4.84084797        0.63854062557220459     
   4.84430838         1.0067485570907593     
   4.84776878        0.81574344635009766     
   4.85122919        0.95485258102416992     
   4.85468960        0.35521882772445679     
   4.85815001        0.72830116748809814     
   4.86161041        0.56934738159179688     
   4.86507082        0.50872129201889038     
   4.86853123         1.0712463855743408     
   4.87199163        0.96747672557830811     
   4.87545204        0.47638228535652161     
   4.87891245        0.25140964984893799     
   4.88237286        0.77060067653656006     
   4.88583326        0.48121953010559082     
   4.88929367        0.55070781707763672     
   4.89275408         1.1757593154907227     
   4.89621449        0.18614387512207031     
   4.89967489        0.52291893959045410     
   4.90313530        0.54381382465362549     
   4.90659571        0.60706168413162231     
   4.91005611        0.53130972385406494     
   4.91351652        0.32571744918823242     
   4.91697693        0.93121111392974854     
   4.92043734        0.50242888927459717     
   4.92389774         1.0363920927047729     
   4.92735815        0.47597184777259827     
   4.93081856        0.65279132127761841     
   4.93427896        0.66151452064514160     
   4.93773937        0.52166473865509033     
   4.94119978        0.35897752642631531     
   4.94466019        0.41398447751998901     
   4.94812059        0.29725128412246704     
   4.95158100        0.79200625419616699     
   4.95504141        0.61696761846542358     
   4.95850182        0.26679956912994385     
   4.96196222        0.56096363067626953     
   4.96542263         1.1992011070251465     
   4.96888304        0.72832167148590088     
   4.97234344        0.38142070174217224     
   4.97580385        0.78614145517349243     
   4.97926426        0.75332069396972656     
   4.98272467         1.0106743574142456     
   4.98618507        0.28251951932907104     
   4.98964548         1.1700855493545532     
   4.99310589        0.52957749366760254     
   4.99656630        0.60277390480041504     
   5.00002670        0.96587133407592773     
   5.00348711        0.74817621707916260     
   5.00694752         1.2077420949935913     
   5.01040792        0.45188549160957336     
   5.01386833         1.1501741409301758     
   5.01732874        0.72384786605834961     
   5.02078915        0.95463961362838745     
   5.02424955        0.42810326814651489     
   5.02770996        0.55217635631561279     
   5.03117037        0.52852177619934082     
   5.03463078        0.70762872695922852     
   5.03809118        0.76504707336425781     
   5.04155159        0.66461199522018433     
   5.04501200        0.58795487880706787     
   5.04847240         1.2105852365493774     
   5.05193281        0.82311403751373291     
   5.05539322        0.72663646936416626     
   5.05885363        0.42684683203697205     
   5.06231403         1.1300083398818970     
   5.06577444        0.49945381283760071     
   5.06923485         1.1716696023941040     
   5.07269526        0.57503211498260498     
   5.07615566        0.42992892861366272     
   5.07961607         1.2960166931152344     
   5.08307648         1.3187625408172607     
   5.08653688        0.36984926462173462     
   5.08999729        0.81260752677917480     
   5.09345770         1.1534318923950195     
   5.09691811         1.3710576295852661     
   5.10037851         1.0589687824249268     
   5.10383892        0.91293001174926758     
   5.10729933        0.64165723323822021     
   5.11075974        0.64065706729888916     
   5.11422014         1.1914159059524536     
   5.11768055         1.2333787679672241     
   5.12114096         1.0185292959213257     
   5.12460136        0.63963651657104492     
   5.12806177         1.2653269767761230     
   5.13152218         1.0003077983856201     
   5.13498259        0.66142666339874268     
   5.13844299         1.0038616657257080     
   5.14190340         1.3124176263809204     
   5.14536381         1.2948044538497925     
   5.14882421        0.44152492284774780     
   5.15228462        0.62244856357574463     
   5.15574503        0.74744772911071777     
   5.15920544         1.0316505432128906     
   5.16266584         1.1384122371673584     
   5.16612625         1.0801354646682739     
   5.16958666         1.3082368373870850     
   5.17304707        0.77793937921524048     
   5.17650747        0.93203639984130859     
   5.17996788        0.79194271564483643     
   5.18342829         1.2769777774810791     
   5.18688869         1.3974792957305908     
   5.19034910        0.88992267847061157     
   5.19380951        0.69800710678100586     
   5.19726992        0.58439582586288452     
   5.20073032        0.61663818359375000     
   5.20419073         1.1106340885162354     
   5.20765114         1.3893946409225464     
   5.21111155         1.3020188808441162     
   5.21457195        0.65720629692077637     
   5.21803236         1.2666268348693848     
   5.22149277        0.87026536464691162     
   5.22495317         1.3960286378860474     
   5.22841358         1.1691610813140869     
   5.23187399        0.57286250591278076     
   5.23533440         1.0486364364624023     
   5.23879480        0.94820737838745117     
   5.24225521        0.70539557933807373     
   5.24571562        0.53641808032989502     
   5.24917603         1.3992297649383545     
   5.25263643        0.64674729108810425     
   5.25609684        0.75173228979110718     
   5.25955725         1.4131371974945068     
   5.26301765        0.92447227239608765     
   5.26647806         1.3237867355346680     
   5.26993847         1.0964344739913940     
   5.27339888        0.58144974708557129     
   5.27685928        0.94244003295898438     
   5.28031969        0.91424679756164551     
   5.28378010        0.99228811264038086     
   5.28724051        0.65938848257064819     
   5.29070091        0.75494080781936646     
   5.29416132        0.95006883144378662     
   5.29762173        0.82002425193786621     
   5.30108213        0.62773883342742920     
   5.30454254         1.4679774045944214     
   5.30800295         1.0451860427856445     
   5.31146336        0.99243426322937012     
   5.31492376         1.3088581562042236     
   5.31838417         1.4746253490447998     
   5.32184458        0.66597205400466919     
   5.32530499        0.88692253828048706     
   5.32876539        0.77347624301910400     
   5.33222580         1.5722608566284180     
   5.33568621         1.3476365804672241     
   5.33914661        0.81059491634368896     
   5.34260702        0.58948922157287598     
   5.34606743         1.4238731861114502     
   5.34952784        0.99201738834381104     
   5.35298824        0.98216837644577026     
   5.35644865        0.76712948083877563     
   5.35990906         1.0433524847030640     
   5.36336946         1.0756412744522095     
   5.36682987         1.4328882694244385     
   5.37029028         1.4799089431762695     
   5.37375069        0.67764091491699219     
   5.37721109         1.0046070814132690     
   5.38067150         1.4918224811553955     
   5.38413191         1.4123418331146240     
   5.38759232        0.99948239326477051     
   5.39105272         1.6125006675720215     
   5.39451313         1.2796199321746826     
   5.39797354         1.3461785316467285     
   5.40143394        0.91939514875411987     
   5.40489435         1.0192967653274536     
   5.40835476         1.2421298027038574     
   5.41181517        0.70268428325653076     
   5.41527557        0.67415899038314819     
   5.41873598        0.81216341257095337     
   5.42219639        0.94753605127334595     
   5.42565680        0.97814029455184937     
   5.42911720         1.2997457981109619     
   5.43257761         1.6106189489364624     
   5.43603802        0.67479199171066284     
   5.43949842         1.5854086875915527     
   5.44295883        0.80258786678314209     
   5.44641924         1.5543210506439209     
   5.44987965        0.68628293275833130     
   5.45334005         1.4563028812408447     
   5.45680046         1.2070655822753906     
   5.46026087         1.4328234195709229     
   5.46372128         1.0383391380310059     
   5.46718168         1.3775386810302734     
   5.47064209        0.87220281362533569     
   5.47410250         1.4014205932617188     
   5.47756290        0.81260848045349121     
   5.48102331         1.6290121078491211     
   5.48448372         1.0483419895172119     
   5.48794413        0.99232125282287598     
   5.49140453        0.85676878690719604     
   5.49486494         1.1733187437057495     
   5.49832535         1.1127601861953735     
   5.50178576         1.1341545581817627     
   5.50524616         1.6809687614440918     
   5.50870657         1.1021682024002075     
   5.51216698         1.4555058479309082     
   5.51562738         1.4036352634429932     
   5.51908779         1.1620223522186279     
   5.52254820         1.0648062229156494     
   5.52600861        0.98569500446319580     
   5.52946901         1.3468295335769653     
   5.53292942         1.0641219615936279     
   5.53638983        0.86864531040191650     
   5.53985023        0.91528922319412231     
   5.54331064         1.4291224479675293     
   5.54677105         1.1438426971435547     
   5.55023146         1.3098874092102051     
   5.55369186         1.0413404703140259     
   5.55715227         1.7351589202880859     
   5.56061268         1.0572676658630371     
   5.56407309         1.2082607746124268     
   5.56753349         1.5635622739791870     
   5.57099390        0.88302212953567505     
   5.57445431        0.96322512626647949     
   5.57791471         1.0096602439880371     
   5.58137512         1.6678879261016846     
   5.58483553        0.87754470109939575     
   5.58829594         1.1112828254699707     
   5.59175634         1.2347590923309326     
   5.59521675         1.3407630920410156     
   5.59867716        0.94304031133651733     
   5.60213757         1.5681419372558594     
   5.60559797        0.96080875396728516     
   5.60905838        0.97108584642410278     
   5.61251879         1.3206464052200317     
   5.61597919         1.1604400873184204     
   5.61943960         1.5074102878570557     
   5.62290001         1.1288471221923828     
   5.62636042        0.86823034286499023     
   5.62982082         1.0933209657669067     
   5.63328123         1.7585849761962891     
   5.63674164         1.5801841020584106     
   5.64020205         1.0884025096893311     
   5.64366245         1.7648215293884277     
   5.64712286         1.5499544143676758     
   5.65058327         1.6546421051025391     
   5.65404367         1.6725935935974121     
   5.65750408         1.0810635089874268     
   5.66096449         1.0964789390563965     
   5.66442490         1.2046873569488525     
   5.66788530         1.0473666191101074     
   5.67134571         1.3083639144897461     
   5.67480612         1.4065990447998047     
   5.67826653         1.1231909990310669     
   5.68172693         1.7286095619201660     
   5.68518734         1.0098595619201660     
   5.68864775         1.1543986797332764     
   5.69210815         1.7666926383972168     
   5.69556856         1.0982866287231445     
   5.69902897        0.87606877088546753     
   5.70248938        0.90090066194534302     
   5.70594978         1.2612420320510864     
   5.70941019         1.6984789371490479     
   5.71287060         1.6890926361083984     
   5.71633101         1.4521646499633789     
   5.71979141         1.0903197526931763     
   5.72325182         1.4194030761718750     
   5.72671223         1.3453741073608398     
   5.73017263         1.3427760601043701     
   5.73363304         1.0444824695587158     
   5.73709345         1.1622804403305054     
   5.74055386         1.7014944553375244     
   5.74401426         1.1568529605865479     
   5.74747467         1.4242178201675415     
   5.75093508         1.2530224323272705     
   5.75439548         1.3680640459060669     
   5.75785589         1.4483320713043213     
   5.76131630         1.2634680271148682     
   5.76477671         1.1759999990463257     
   5.76823711         1.1949346065521240     
   5.77169752         1.7034243345260620     
   5.77515793         1.3338744640350342     
   5.77861834        0.92993336915969849     
   5.78207874         1.6916077136993408     
   5.78553915         1.1258258819580078     
   5.78899956         1.1807721853256226     
   5.79245996        0.98972141742706299     
   5.79592037         1.5059661865234375     
   5.79938078         1.7151644229888916     
   5.80284119         1.5690950155258179     
   5.80630159         1.6195316314697266     
   5.80976200         1.5235548019409180     
   5.81322241         1.8362390995025635     
   5.81668282         1.6927440166473389     
   5.82014322         1.7285542488098145     
   5.82360363         1.5217940807342529     
   5.82706404         1.6196019649505615     
   5.83052444         1.7668943405151367     
   5.83398485         1.7886068820953369     
   5.83744526         1.3666007518768311     
   5.84090567         1.5464508533477783     
   5.84436607         1.3053960800170898     
   5.84782648         1.0981063842773438     
   5.85128689         1.5633362531661987     
   5.85474730         1.2449600696563721     
   5.85820770         1.0438377857208252     
   5.86166811         1.7122499942779541     
   5.86512852         1.8318498134613037     
   5.86858892         1.2423951625823975     
   5.87204933         1.7610030174255371     
   5.87550974         1.6671893596649170     
   5.87897015         1.7941691875457764     
   5.88243055        0.97475457191467285     
   5.88589096         1.2955615520477295     
   5.88935137         1.5059689283370972     
   5.89281178         1.4129135608673096     
   5.89627218         1.2066664695739746     
   5.89973259         1.7758929729461670     
   5.90319300         1.9129490852355957     
   5.90665340         1.7507727146148682     
   5.91011381         1.5770616531372070     
   5.91357422         1.7257213592529297     
   5.91703463         1.1441349983215332     
   5.92049503         1.5084253549575806     
   5.92395544         1.4120711088180542     
   5.92741585         1.4466124773025513     
   5.93087626         1.6320409774780273     
   5.93433666        0.96778798103332520     
   5.93779707         1.8915323019027710     
   5.94125748         1.4814188480377197     
   5.94471788         1.1099469661712646     
   5.94817829         1.3767313957214355     
   5.95163870         1.0089644193649292     
   5.95509911         1.9211163520812988     
   5.95855951         1.6247396469116211     
   5.96201992         1.7778469324111938     
   5.96548033         1.5974155664443970     
   5.96894073         1.8256419897079468     
   5.97240114         1.5562324523925781     
   5.97586155         1.7104634046554565     
   5.97932196         1.1807317733764648     
   5.98278236         1.4858186244964600     
   5.98624277         1.7723329067230225     
   5.98970318         1.1064563989639282     
   5.99316359         1.8015286922454834     
   5.99662399         1.1520510911941528     
   6.00008440         1.8486063480377197     
   6.00354481         1.5106561183929443     
   6.00700521         1.4347202777862549     
   6.01046562         1.2266551256179810     
   6.01392603         1.5124046802520752     
   6.01738644         1.5392187833786011     
   6.02084684         1.8309390544891357     
   6.02430725         1.5916799306869507     
   6.02776766         1.3821954727172852     
   6.03122807         1.7829965353012085     
   6.03468847         1.4518879652023315     
   6.03814888         1.1110527515411377     
   6.04160929         1.4872318506240845     
   6.04506969         1.9179530143737793     
   6.04853010         1.2359337806701660     
   6.05199051         1.9186099767684937     
   6.05545092         1.2307398319244385     
   6.05891132         1.9689638614654541     
   6.06237173         1.2699285745620728     
   6.06583214         1.7506148815155029     
   6.06929255         1.0050778388977051     
   6.07275295         1.3227158784866333     
   6.07621336         1.6167910099029541     
   6.07967377         1.0872044563293457     
   6.08313417         1.4750055074691772     
   6.08659458         1.5941643714904785     
   6.09005499         1.8378983736038208     
   6.09351540         1.0129336118698120     
   6.09697580         1.7676162719726562     
   6.10043621         1.8545961380004883     
   6.10389662         1.0548003911972046     
   6.10735703         1.4215140342712402     
   6.11081743         1.5031690597534180     
   6.11427784         1.8074290752410889     
   6.11773825         1.6290295124053955     
   6.12119865         1.5912332534790039     
   6.12465906         1.8682036399841309     
   6.12811947         1.6304156780242920     
   6.13157988         1.0471658706665039     
   6.13504028         1.4862930774688721     
   6.13850069         1.2155443429946899     
   6.14196110         1.2550070285797119     
   6.14542150         1.2192401885986328     
   6.14888191        0.99926227331161499     
   6.15234232         1.9435589313507080     
   6.15580273         1.0523550510406494     
   6.15926313         1.1000502109527588     
   6.16272354         1.4211182594299316     
   6.16618395         1.5274789333343506     
   6.16964436         1.2423044443130493     
   6.17310476         1.6228795051574707     
   6.17656517         1.4591170549392700     
   6.18002558         1.8169453144073486     
   6.18348598         1.7467739582061768     
   6.18694639         1.4883565902709961     
   6.19040680         1.5805401802062988     
   6.19386721         1.4197291135787964     
   6.19732761         1.3814315795898438     
   6.20078802         1.6302216053009033     
   6.20424843         1.1541261672973633     
   6.20770884         1.7354941368103027     
   6.21116924         1.2974638938903809     
   6.21462965         1.0400465726852417     
   6.21809006         1.5444118976593018     
   6.22155046         1.5262019634246826     
   6.22501087         1.7907786369323730     
   6.22847128         1.0465852022171021     
   6.23193169         1.1092941761016846     
   6.23539209         1.9775258302688599     
   6.23885250         1.4682831764221191     
   6.24231291         1.9493510723114014     
   6.24577332         1.7815096378326416     
   6.24923372         1.5967302322387695     
   6.25269413         1.9312032461166382     
   6.25615454         1.5467596054077148     
   6.25961494         1.5278098583221436     
   6.26307535         1.5703122615814209     
   6.26653576         1.6362714767456055     
   6.26999617         1.1435828208923340     
   6.27345657         1.6608790159225464     
   6.27691698         1.1903930902481079     
   6.28037739         1.2676581144332886     
   6.28383780         1.5968935489654541     
   6.28729820         1.9939275979995728     
   6.29075861         1.0855698585510254     
   6.29421902         1.6565351486206055     
   6.29767942         1.4090648889541626     
   6.30113983         1.9220414161682129     
   6.30460024         1.4589648246765137     
   6.30806065         1.6783059835433960     
   6.31152105         1.4885549545288086     
   6.31498146         1.8924243450164795     
   6.31844187         1.4705082178115845     
   6.32190228         1.2755832672119141     
   6.32536268         1.3251912593841553     
   6.32882309         1.4387013912200928     
   6.33228350         1.7531551122665405     
   6.33574390         1.5336666107177734     
   6.33920431         1.5430423021316528     
   6.34266472         1.2784354686737061     
   6.34612513         1.3836205005645752     
   6.34958553         1.7866203784942627     
   6.35304594         1.7661886215209961     
   6.35650635         1.3266720771789551     
   6.35996675         1.5316261053085327     
   6.36342716         1.5576045513153076     
   6.36688757         1.7374889850616455     
   6.37034798         1.8141584396362305     
   6.37380838         1.3640437126159668     
   6.37726879         1.4465796947479248     
   6.38072920         1.9932031631469727     
   6.38418961         1.6578507423400879     
   6.38765001         1.1535873413085938     
   6.39111042         1.9614280462265015     
   6.39457083         1.5029079914093018     
   6.39803123         1.5232832431793213     
   6.40149164         1.5310366153717041     
   6.40495205         1.6074683666229248     
   6.40841246         1.1611580848693848     
   6.41187286         1.1883981227874756     
   6.41533327         1.3755034208297729     
   6.41879368         1.6171357631683350     
   6.42225409         1.4926874637603760     
   6.42571449         1.8547322750091553     
   6.42917490         1.9019513130187988     
   6.43263531         1.8704937696456909     
   6.43609571         1.7263021469116211     
   6.43955612         1.0529699325561523     
   6.44301653         1.3191878795623779     
   6.44647694         1.7976951599121094     
   6.44993734         1.4279828071594238     
   6.45339775         1.2255673408508301     
   6.45685816         1.9782910346984863     
   6.46031857         1.9544081687927246     
   6.46377897         1.7068469524383545     
   6.46723938         1.2913693189620972     
   6.47069979         1.9024127721786499     
   6.47416019         1.4504947662353516     
   6.47762060         1.0062390565872192     
   6.48108101         1.5382047891616821     
   6.48454142         1.6204972267150879     
   6.48800182         1.2421660423278809     
   6.49146223         1.3601824045181274     
   6.49492264         1.7861027717590332     
   6.49838305         1.3528606891632080     
   6.50184345         1.1755261421203613     
   6.50530386         1.2304842472076416     
   6.50876427         1.6232888698577881     
   6.51222467         1.4027038812637329     
   6.51568508         1.1355209350585938     
   6.51914549         1.8939273357391357     
   6.52260590         1.9285809993743896     
   6.52606630         1.0422264337539673     
   6.52952671        0.96982657909393311     
   6.53298712         1.2329213619232178     
   6.53644753         1.3430808782577515     
   6.53990793         1.2679289579391479     
   6.54336834         1.8593420982360840     
   6.54682875         1.6060631275177002     
   6.55028915         1.8010165691375732     
   6.55374956         1.6373910903930664     
   6.55720997         1.0329952239990234     
   6.56067038         1.5916268825531006     
   6.56413078         1.3480949401855469     
   6.56759119         1.3343957662582397     
   6.57105160         1.3148324489593506     
   6.57451200         1.9260917901992798     
   6.57797241        0.97043573856353760     
   6.58143282         1.0564179420471191     
   6.58489323         1.1532509326934814     
   6.58835363         1.8090729713439941     
   6.59181404         1.5894770622253418     
   6.59527445         1.4113471508026123     
   6.59873486         1.3387706279754639     
   6.60219526         1.4990067481994629     
   6.60565567         1.7317250967025757     
   6.60911608         1.3625867366790771     
   6.61257648         1.7778971195220947     
   6.61603689         1.6158304214477539     
   6.61949730         1.6708595752716064     
   6.62295771         1.6427009105682373     
   6.62641811         1.6665129661560059     
   6.62987852         1.3508098125457764     
   6.63333893        0.99449867010116577     
   6.63679934         1.3287770748138428     
   6.64025974         1.5902078151702881     
   6.64372015         1.6878254413604736     
   6.64718056         1.7701356410980225     
   6.65064096         1.7669658660888672     
   6.65410137         1.2877402305603027     
   6.65756178        0.93171477317810059     
   6.66102219         1.3859243392944336     
   6.66448259         1.6460843086242676     
   6.66794300         1.7042367458343506     
   6.67140341         1.8060796260833740     
   6.67486382         1.3977727890014648     
   6.67832422         1.0902800559997559     
   6.68178463         1.3538520336151123     
   6.68524504         1.6872276067733765     
   6.68870544         1.3956713676452637     
   6.69216585         1.0616641044616699     
   6.69562626         1.4334704875946045     
   6.69908667         1.6038014888763428     
   6.70254707         1.7608273029327393     
   6.70600748         1.4813079833984375     
   6.70946789         1.3697474002838135     
   6.71292830         1.3273973464965820     
   6.71638870         1.6906285285949707     
   6.71984911         1.8361245393753052     
   6.72330952         1.6930469274520874     
   6.72676992         1.6749956607818604     
   6.73023033         1.1553050279617310     
   6.73369074         1.7618710994720459     
   6.73715115         1.5517899990081787     
   6.74061155         1.1320372819900513     
   6.74407196        0.93932938575744629     
   6.74753237         1.8731718063354492     
   6.75099277        0.91656547784805298     
   6.75445318         1.3695051670074463     
   6.75791359         1.2410712242126465     
   6.76137400         1.1436249017715454     
   6.76483440         1.0345776081085205     
   6.76829481         1.1294821500778198     
   6.77175522         1.2180645465850830     
   6.77521563         1.2295613288879395     
   6.77867603         1.8419616222381592     
   6.78213644         1.0159630775451660     
   6.78559685         1.1972894668579102     
   6.78905725         1.6650993824005127     
   6.79251766         1.2374081611633301     
   6.79597807         1.3022804260253906     
   6.79943848         1.0521932840347290     
   6.80289888         1.4594819545745850     
   6.80635929         1.5549860000610352     
   6.80981970         1.6585891246795654     
   6.81328011         1.0607819557189941     
   6.81674051         1.0309650897979736     
   6.82020092         1.3911823034286499     
   6.82366133         1.2284765243530273     
   6.82712173         1.4665333032608032     
   6.83058214         1.4980762004852295     
   6.83404255         1.8225474357604980     
   6.83750296         1.5661444664001465     
   6.84096336         1.7234830856323242     
   6.84442377         1.8102613687515259     
   6.84788418         1.1611469984054565     
   6.85134459         1.5341632366180420     
   6.85480499         1.0231812000274658     
   6.85826540         1.3269464969635010     
   6.86172581         1.2573394775390625     
   6.86518621         1.0835126638412476     
   6.86864662         1.4627938270568848     
   6.87210703         1.0951809883117676     
   6.87556744        0.84381246566772461     
   6.87902784         1.4788597822189331     
   6.88248825         1.2748163938522339     
   6.88594866         1.6354255676269531     
   6.88940907         1.2802758216857910     
   6.89286947         1.3334958553314209     
   6.89632988         1.0196473598480225     
   6.89979029         1.5538010597229004     
   6.90325069         1.6178143024444580     
   6.90671110         1.2016170024871826     
   6.91017151         1.0487742424011230     
   6.91363192         1.2601153850555420     
   6.91709232         1.4719567298889160     
   6.92055273         1.2531149387359619     
   6.92401314         1.7046351432800293     
   6.92747355         1.0915763378143311     
   6.93093395         1.2674555778503418     
   6.93439436         1.2745845317840576     
   6.93785477         1.2635902166366577     
   6.94131517        0.81421828269958496     
   6.94477558         1.7092773914337158     
   6.94823599         1.6179697513580322     
   6.95169640        0.81920522451400757     
   6.95515680        0.95013713836669922     
   6.95861721         1.6493282318115234     
   6.96207762         1.2349288463592529     
   6.96553802        0.86149966716766357     
   6.96899843         1.2361207008361816     
   6.97245884         1.2434208393096924     
   6.97591925        0.84581947326660156     
   6.97937965         1.4232372045516968     
   6.98284006         1.2991266250610352     
   6.98630047         1.7461330890655518     
   6.98976088         1.1111435890197754     
   6.99322128         1.5220899581909180     
   6.99668169         1.1285903453826904     
   7.00014210         1.5662539005279541     
   7.00360250         1.5173332691192627     
