   3.46020772E-03     1.4384397878234825     
   6.92041544E-03     1.4244070409188481     
   1.03806229E-02     1.4373315214323983     
   1.38408309E-02     1.4232932452617653     
   1.73010379E-02     1.4362121532680090     
   2.07612459E-02     1.4221682606570039     
   2.42214538E-02     1.4350815076022829     
   2.76816618E-02     1.4210319086264915     
   3.11418697E-02     1.4339394032242954     
   3.46020758E-02     1.4198840052438950     
   3.80622819E-02     1.4327856535099996     
   4.15224880E-02     1.4187243612054030     
   4.49826941E-02     1.4316200664940200     
   4.84429002E-02     1.4175527819025242     
   5.19031063E-02     1.4304424449434463     
   5.53633124E-02     1.4163690674968725     
   5.88235185E-02     1.4292525864336043     
   6.22837245E-02     1.4151730129969171     
   6.57439306E-02     1.4280502834257793     
   6.92041367E-02     1.4139644083366729     
   7.26643428E-02     1.4268353233468694     
   7.61245489E-02     1.4127430384563093     
   7.95847550E-02     1.4256074886709384     
   8.30449611E-02     1.4115086833846440     
   8.65051672E-02     1.4243665570026482     
   8.99653733E-02     1.4102611183235028     
   9.34255794E-02     1.4231123011625388     
   9.68857855E-02     1.4090001137339165     
  0.100345992         1.4218444892741331     
  0.103806198         1.4077254354241255     
  0.107266404         1.4205628848528347     
  0.110726610         1.4064368446393634     
  0.114186816         1.4192672468965932     
  0.117647022         1.4051340981533960     
  0.121107228         1.4179573299783048     
  0.124567434         1.4038169483617786     
  0.128027648         1.4166328843399232     
  0.131487861         1.4024851433768093     
  0.134948075         1.4152936559882443     
  0.138408288         1.4011384271241412     
  0.141868502         1.4139393867923404     
  0.145328715         1.3997765394410280     
  0.148788929         1.4125698145826076     
  0.152249143         1.3983992161761667     
  0.155709356         1.4111846732513966     
  0.159169570         1.3970061892911072     
  0.162629783         1.4097836928551943     
  0.166089997         1.3955971869631996     
  0.169550210         1.4083665997183243     
  0.173010424         1.3941719336900367     
  0.176470637         1.4069331165381294     
  0.179930851         1.3927301503953706     
  0.183391064         1.4054829624916065     
  0.186851278         1.3912715545364565     
  0.190311491         1.4040158533434568     
  0.193771705         1.3897958602127991     
  0.197231919         1.4025315015555160     
  0.200692132         1.3883027782762609     
  0.204152346         1.4010296163975335     
  0.207612559         1.3867920164424987     
  0.211072773         1.3995099040592549     
  0.214532986         1.3852632794036901     
  0.217993200         1.3979720677637868     
  0.221453413         1.3837162689425186     
  0.224913627         1.3964158078821911     
  0.228373840         1.3821506840473745     
  0.231834054         1.3948408220492821     
  0.235294268         1.3805662210287373     
  0.238754481         1.3932468052805864     
  0.242214695         1.3789625736367019     
  0.245674908         1.3916334500904264     
  0.249135122         1.3773394331796109     
  0.252595335         1.3900004466110898     
  0.256055534         1.3756964886437515     
  0.259515733         1.3883474827130464     
  0.262975931         1.3740334268140832     
  0.266436130         1.3866742441261732     
  0.269896328         1.3723499323959518     
  0.273356527         1.3849804145619518     
  0.276816726         1.3706456881377547     
  0.280276924         1.3832656758365895     
  0.283737123         1.3689203749545140     
  0.287197322         1.3815297079950357     
  0.290657520         1.3671736720523213     
  0.294117719         1.3797721894358430     
  0.297577918         1.3654052570536099     
  0.301038116         1.3779927970368404     
  0.304498315         1.3636148061232154     
  0.307958513         1.3761912062815724     
  0.311418712         1.3618019940951831     
  0.314878911         1.3743670913864670     
  0.318339109         1.3599664946002858     
  0.321799308         1.3725201254286841     
  0.325259507         1.3581079801941989     
  0.328719705         1.3706499804746164     
  0.332179904         1.3562261224863048     
  0.335640103         1.3687563277089843     
  0.339100301         1.3543205922690771     
  0.342560500         1.3668388375644951     
  0.346020699         1.3523910596480018     
  0.349480897         1.3648971798520173     
  0.352941096         1.3504371941719964     
  0.356401294         1.3629310238912382     
  0.359861493         1.3484586649642847     
  0.363321692         1.3609400386417423     
  0.366781890         1.3464551408536838     
  0.370242089         1.3589238928344893     
  0.373702288         1.3444262905062547     
  0.377162486         1.3568822551036390     
  0.380622685         1.3423717825572861     
  0.384082884         1.3548147941186779     
  0.387543082         1.3402912857435605     
  0.391003281         1.3527211787168072     
  0.394463480         1.3381844690358526     
  0.397923678         1.3506010780355546     
  0.401383877         1.3360510017716360     
  0.404844075         1.3484541616455534     
  0.408304274         1.3338905537879373     
  0.411764473         1.3462800996834636     
  0.415224671         1.3317027955542990     
  0.418684870         1.3440785629849725     
  0.422145069         1.3294873983058173     
  0.425605267         1.3418492232178463     
  0.429065466         1.3272440341761933     
  0.432525665         1.3395917530149837     
  0.435985863         1.3249723763307748     
  0.439446062         1.3373058261074251     
  0.442906260         1.3226720990995291     
  0.446366459         1.3349911174572817     
  0.449826658         1.3203428781099105     
  0.453286856         1.3326473033905333     
  0.456747055         1.3179843904195814     
  0.460207254         1.3302740617296545     
  0.463667452         1.3155963146489356     
  0.467127651         1.3278710719260327     
  0.470587850         1.3131783311133902     
  0.474048048         1.3254380151921192     
  0.477508247         1.3107301219553966     
  0.480968446         1.3229745746332868     
  0.484428644         1.3082513712761283     
  0.487888843         1.3204804353793418     
  0.491349041         1.3057417652668057     
  0.494809240         1.3179552847156490     
  0.498269439         1.3032009923396122     
  0.501729667         1.3153988122138265     
  0.505189896         1.3006287432581580     
  0.508650124         1.3128107098619715     
  0.512110353         1.2980247112674550     
  0.515570581         1.3101906721943688     
  0.519030809         1.2953885922233512     
  0.522491038         1.3075383964206455     
  0.525951266         1.2927200847213904     
  0.529411495         1.3048535825543235     
  0.532871723         1.2900188902250522     
  0.536331952         1.3021359335407350     
  0.539792180         1.2872847131933292     
  0.543252409         1.2993851553842513     
  0.546712637         1.2845172612076008     
  0.550172865         1.2966009572747945     
  0.553633094         1.2817162450977655     
  0.557093322         1.2937830517135744     
  0.560553551         1.2788813790675815     
  0.564013779         1.2909311546380295     
  0.567474008         1.2760123808191886     
  0.570934236         1.2880449855459126     
  0.574394464         1.2731089716767545     
  0.577854693         1.2851242676184940     
  0.581314921         1.2701708767092219     
  0.584775150         1.2821687278428364     
  0.588235378         1.2671978248520999     
  0.591695607         1.2791780971331004     
  0.595155835         1.2641895490282753     
  0.598616064         1.2761521104508433     
  0.602076292         1.2611457862677922     
  0.605536520         1.2730905069242759     
  0.608996749         1.2580662778265685     
  0.612456977         1.2699930299664270     
  0.615917206         1.2549507693040072     
  0.619377434         1.2668594273921907     
  0.622837663         1.2517990107594634     
  0.626297891         1.2636894515342065     
  0.629758120         1.2486107568275342     
  0.633218348         1.2604828593575457     
  0.636678576         1.2453857668321255     
  0.640138805         1.2572394125731541     
  0.643599033         1.2421238048992675     
  0.647059262         1.2539588777500268     
  0.650519490         1.2388246400686356     
  0.653979719         1.2506410264260670     
  0.657439947         1.2354880464037405     
  0.660900176         1.2472856352176029     
  0.664360404         1.2321138031007606     
  0.667820632         1.2438924859275184     
  0.671280861         1.2287016945959652     
  0.674741089         1.2404613656519676     
  0.678201318         1.2252515106717095     
  0.681661546         1.2369920668856380     
  0.685121775         1.2217630465609572     
  0.688582003         1.2334843876255248     
  0.692042232         1.2182361030502986     
  0.695502460         1.2299381314731848     
  0.698962688         1.2146704865814335     
  0.702422917         1.2263531077354382     
  0.705883145         1.2110660093510819     
  0.709343374         1.2227291315234829     
  0.712803602         1.2074224894092924     
  0.716263831         1.2190660238503872     
  0.719724059         1.2037397507561154     
  0.723184288         1.2153636117269360     
  0.726644516         1.2000176234366107     
  0.730104744         1.2116217282557915     
  0.733564973         1.1962559436341567     
  0.737025201         1.2078402127239434     
  0.740485430         1.1924545537620306     
  0.743945658         1.2040189106934149     
  0.747405887         1.1886133025532357     
  0.750866115         1.2001576740901974     
  0.754326344         1.1847320451485350     
  0.757786572         1.1962563612913826     
  0.761246800         1.1808106431826761     
  0.764707029         1.1923148372104664     
  0.768167257         1.1768489648687659     
  0.771627486         1.1883329733807961     
  0.775087714         1.1728468850807803     
  0.778547943         1.1843106480371288     
  0.782008171         1.1688042854341716     
  0.785468400         1.1802477461952841     
  0.788928628         1.1647210543645554     
  0.792388856         1.1761441597298561     
  0.795849085         1.1605970872044438     
  0.799309313         1.1719997874499659     
  0.802769542         1.1564322862580063     
  0.806229770         1.1678145351730236     
  0.809689999         1.1522265608738333     
  0.813150227         1.1635883157964835     
  0.816610456         1.1479798275156730     
  0.820070684         1.1593210493675619     
  0.823530912         1.1436920098311258     
  0.826991141         1.1550126631508999     
  0.830451369         1.1393630387182692     
  0.833911598         1.1506630916941465     
  0.837371826         1.1349928523901949     
  0.840832055         1.1462722768914420     
  0.844292283         1.1305813964374332     
  0.847752512         1.1418401680447801     
  0.851212740         1.1261286238882473     
  0.854672968         1.1373667219232306     
  0.858133197         1.1216344952667787     
  0.861593425         1.1328519028200015     
  0.865053654         1.1170989786490222     
  0.868513882         1.1282956826073207     
  0.871974111         1.1125220497166126     
  0.875434339         1.1236980407891248     
  0.878894567         1.1079036918084073     
  0.882354796         1.1190589645515354     
  0.885815024         1.1032438959698516     
  0.889275253         1.1143784488110995     
  0.892735481         1.0985426610000963     
  0.896195710         1.1096564962607918     
  0.899655938         1.0937999934968734     
  0.903116167         1.1048931174137540     
  0.906576395         1.0890159078991004     
  0.910036623         1.1000883306447575     
  0.913496852         1.0841904265272000     
  0.916957080         1.0952421622293838     
  0.920417309         1.0793235796211302     
  0.923877537         1.0903546463809004     
  0.927337766         1.0744154053761081     
  0.930797994         1.0854258252848246     
  0.934258223         1.0694659499760131     
  0.937718451         1.0804557491311659     
  0.941178679         1.0644752676244631     
  0.944638908         1.0754444761443340     
  0.948099136         1.0594434205735499     
  0.951559365         1.0703920726107039     
  0.955019593         1.0543704791502324     
  0.958479822         1.0652986129038240     
  0.961940050         1.0492565217803651     
  0.965400279         1.0601641795072736     
  0.968860507         1.0441016350103702     
  0.972320735         1.0549888630351416     
  0.975780964         1.0389059135265333     
  0.979241192         1.0497727622501398     
  0.982701421         1.0336694601719241     
  0.986161649         1.0445159840793310     
  0.989621878         1.0283923859609343     
  0.993082106         1.0392186436274742     
  0.996542335         1.0230748100914289     
   1.00000250         1.0338808641879791     
   1.00346267         1.0177168599545034     
   1.00692284         1.0285027772514692     
   1.01038301         1.0123186711418526     
   1.01384318         1.0230845225119511     
   1.01730335         1.0068803874507348     
   1.02076352         1.0176262478705809     
   1.02422369         1.0014021608865473     
   1.02768385         1.0121281094370373     
   1.03114402        0.99588415166299515     
   1.03460419         1.0065902715284956     
   1.03806436        0.99032652819986611     
   1.04152453         1.0010129066662006     
   1.04498470        0.98472946711840614     
   1.04844487        0.99539619556964409     
   1.05190504        0.97909315323429946     
   1.05536520        0.98974032714834825     
   1.05882537        0.97341777954825315     
   1.06228554        0.98404549849125489     
   1.06574571        0.96770354723419350     
   1.06920588        0.97831191485372626     
   1.07266605        0.96195066562507370     
   1.07612622        0.97253978964216270     
   1.07958639        0.95615935219630066     
   1.08304656        0.96672934439624036     
   1.08650672        0.95032983254678438     
   1.08996689        0.96088080876877424     
   1.09342706        0.94446234037761911     
   1.09688723        0.95499442050321515     
   1.10034740        0.93855711746839821     
   1.10380757        0.94907042540878928     
   1.10726774        0.93261441365117614     
   1.11072791        0.94310907733328375     
   1.11418808        0.92663448678208327     
   1.11764824        0.93711063813349049     
   1.12110841        0.92061760271060089     
   1.12456858        0.93107537764331738     
   1.12802875        0.91456403524651153     
   1.13148892        0.92500357363957997     
   1.13494909        0.90847406612453196     
   1.13840926        0.91889551180547679     
   1.14186943        0.90234798496663893     
   1.14532959        0.91275148569177189     
   1.14878976        0.89618608924210430     
   1.15224993        0.90657179667568422     
   1.15571010        0.88998868422525113     
   1.15917027        0.90035675391751013     
   1.16263044        0.88375608295093877     
   1.16609061        0.89410667431498403     
   1.16955078        0.87748860616780366     
   1.17301095        0.88782188245539384     
   1.17647111        0.87118658228925838     
   1.17993128        0.88150271056547080     
   1.18339145        0.86485034734227195     
   1.18685162        0.87514949845906542     
   1.19031179        0.85848024491394725     
   1.19377196        0.86876259348262974     
   1.19723213        0.85207662609590928     
   1.20069230        0.86234235045851948     
   1.20415246        0.84563984942653081     
   1.20761263        0.85588913162613989     
   1.21107280        0.83917028083100109     
   1.21453297        0.84940330658095065     
   1.21799314        0.83266829355927141     
   1.22145331        0.84288525221135147     
   1.22491348        0.82613426812188417     
   1.22837365        0.83633535263346437     
   1.23183382        0.81956859222371947     
   1.23529398        0.82975399912384395     
   1.23875415        0.81297166069566795     
   1.24221432        0.82314159005012477     
   1.24567449        0.80634387542426111     
   1.24913466        0.81649853079963852     
   1.25259483        0.79968564527928077     
   1.25605500        0.80982523370601589     
   1.25951517        0.79299738603936176     
   1.26297534        0.80312211797380595     
   1.26643550        0.78627952031562920     
   1.26989567        0.79638960960112837     
   1.27335584        0.77953247747337684     
   1.27681601        0.78962814130038916     
   1.28027618        0.77275669355182341     
   1.28373635        0.78283815241708388     
   1.28719652        0.76595261118196889     
   1.29065669        0.77602008884671325     
   1.29411685        0.75912067950257966     
   1.29757702        0.76917440294984230     
   1.30103719        0.75226135407432371     
   1.30449736        0.76230155346532213     
   1.30795753        0.74537509679209091     
   1.31141770        0.75540200542171232     
   1.31487787        0.73846237579552154     
   1.31833804        0.74847623004692587     
   1.32179821        0.73152366537777413     
   1.32525837        0.74152470467612552     
   1.32871854        0.72455944589256238     
   1.33217871        0.73454791265790753     
   1.33563888        0.71757020365948632     
   1.33909905        0.72754634325879242     
   1.34255922        0.71055643086769726     
   1.34601939        0.72052049156606668     
   1.34947956        0.70351862547791855     
   1.35293972        0.71347085838899216     
   1.35639989        0.69645729112285659     
   1.35986006        0.70639795015842888     
   1.36332023        0.68937293700603730     
   1.36678040        0.69930227882489071     
   1.37024057        0.68226607779909587     
   1.37370074        0.69218436175507825     
   1.37716091        0.67513723353755528     
   1.38062108        0.68504472162691121     
   1.38408124        0.66798692951512528     
   1.38754141        0.67788388632310337     
   1.39100158        0.66081569617655933     
   1.39446175        0.67070238882330635     
   1.39792192        0.65362406900909609     
   1.40138209        0.66350076709486483     
   1.40484226        0.64641258843253213     
   1.40830243        0.65627956398220710     
   1.41176260        0.63918179968794675     
   1.41522276        0.64903932709491974     
   1.41868293        0.63193225272512787     
   1.42214310        0.64178060869452991     
   1.42560327        0.62466450208872459     
   1.42906344        0.63450396558003852     
   1.43252361        0.61737910680316954     
   1.43598378        0.62720995897223941     
   1.43944395        0.61007663025640224     
   1.44290411        0.61989915439686039     
   1.44636428        0.60275764008243771     
   1.44982445        0.61257212156656315     
   1.45328462        0.59542270804280828     
   1.45674479        0.60522943426184050     
   1.46020496        0.58807240990692555     
   1.46366513        0.59787167021084953     
   1.46712530        0.58070732533139291     
   1.47058547        0.59049941096821790     
   1.47404563        0.57332803773831409     
   1.47750580        0.58311324179285806     
   1.48096597        0.56593513419262886     
   1.48442614        0.57571375152483806     
   1.48788631        0.55852920527852057     
   1.49134648        0.56830153246133641     
   1.49480665        0.55111084497493423     
   1.49826682        0.56087718023172861     
   1.50172698        0.54368065053023873     
   1.50518715        0.55344129367184058     
   1.50864732        0.53623922233608134     
   1.51210749        0.54599447469741025     
   1.51556766        0.52878716380046842     
   1.51902783        0.53853732817679834     
   1.52248800        0.52132508122011367     
   1.52594817        0.53107046180298600     
   1.52940834        0.51385358365209621     
   1.53286850        0.52359448596490143     
   1.53632867        0.50637328278486660     
   1.53978884        0.51611001361811570     
   1.54324901        0.49888479280864290     
   1.54670918        0.50861766015494858     
   1.55016935        0.49138873028523555     
   1.55362952        0.50111804327402620     
   1.55708969        0.48388571401734631     
   1.56054986        0.49361178284932755     
   1.56401002        0.47637636491737689     
   1.56747019        0.48609950079876724     
   1.57093036        0.46886130587579355     
   1.57439053        0.47858182095235174     
   1.57785070        0.46134116162908417     
   1.58131087        0.47105936891994854     
   1.58477104        0.45381655862735315     
   1.58823121        0.46353277195871639     
   1.59169137        0.44628812490159386     
   1.59515154        0.45600265884023067     
   1.59861171        0.43875648993068039     
   1.60207188        0.44846965971735114     
   1.60553205        0.43122228450811934     
   1.60899222        0.44093440599086947     
   1.61245239        0.42368614060860454     
   1.61591256        0.43339753017598120     
   1.61937273        0.41614869125441672     
   1.62283289        0.42585966576862250     
   1.62629306        0.40861057038170784     
   1.62975323        0.41832144711171287     
   1.63321340        0.40107241270671201     
   1.63667357        0.41078350926134582     
   1.64013374        0.39353485359192647     
   1.64359391        0.40324648785297013     
   1.64705408        0.38599852891230380     
   1.65051425        0.39571101896760180     
   1.65397441        0.37846407492149381     
   1.65743458        0.38817773899810765     
   1.66089475        0.37093212811817988     
   1.66435492        0.38064728451560437     
   1.66781509        0.36340332511254980     
   1.67127526        0.37312029213601311     
   1.67473543        0.35587830249294422     
   1.67819560        0.36559739838680821     
   1.68165576        0.34835769669271882     
   1.68511593        0.35807923957400700     
   1.68857610        0.34084214385736722     
   1.69203627        0.35056645164943451     
   1.69549644        0.33333227971194235     
   1.69895661        0.34305967007831073     
   1.70241678        0.32582873942881690     
   1.70587695        0.33555952970719632     
   1.70933712        0.31833215749582527     
   1.71279728        0.32806666463233819     
   1.71625745        0.31084316758482389     
   1.71971762        0.32058170806845832     
   1.72317779        0.30336240242071616     
   1.72663796        0.31310529221802064     
   1.73009813        0.29589049365097386     
   1.73355830        0.30563804814102191     
   1.73701847        0.28842807171570373     
   1.74047863        0.29818060562533860     
   1.74393880        0.28097576571829080     
   1.74739897        0.29073359305767893     
   1.75085914        0.27353420329666256     
   1.75431931        0.28329763729517099     
   1.75777948        0.26610401049521282     
   1.76123965        0.27587336353762842     
   1.76469982        0.25868581163742138     
   1.76815999        0.26846139520053547     
   1.77162015        0.25128022919921023     
   1.77508032        0.26106235378878390     
   1.77854049        0.24388788368307415     
   1.78200066        0.25367685877120633     
   1.78546083        0.23650939349302275     
   1.78892100        0.24630552745593728     
   1.79238117        0.22914537481037311     
   1.79584134        0.23894897486664513     
   1.79930151        0.22179644147042812     
   1.80276167        0.23160781361966740     
   1.80622184        0.21446320484007855     
   1.80968201        0.22428265380208892     
   1.81314218        0.20714627369636784     
   1.81660235        0.21697410285080035     
   1.82006252        0.19984625410604978     
   1.82352269        0.20968276543256614     
   1.82698286        0.19256374930618089     
   1.83044302        0.20240924332514876     
   1.83390319        0.18529935958577937     
   1.83736336        0.19515413529951281     
   1.84082353        0.17805368216858783     
   1.84428370        0.18791803700315324     
   1.84774387        0.17082731109697252     
   1.85120404        0.18070154084457443     
   1.85466421        0.16362083711699338     
   1.85812438        0.17350523587895997     
   1.86158454        0.15643484756468021     
   1.86504471        0.16632970769506428     
   1.86850488        0.14926992625354701     
   1.87196505        0.15917553830335721     
   1.87542522        0.14212665336337749     
   1.87888539        0.15204330602545735     
   1.88234556        0.13500560533031378     
   1.88580573        0.14493358538488554     
   1.88926589        0.12790735473827985     
   1.89272606        0.13784694699916752     
   1.89618623        0.12083247021177415     
   1.89964640        0.13078395747332025     
   1.90310657        0.11378151631005647     
   1.90656674        0.12374517929475028     
   1.91002691        0.10675505342276544     
   1.91348708        0.11673117072959602     
   1.91694725         9.9753637666992009E-002
   1.92040741        0.10974248572054096     
   1.92386758         9.2777820785840903E-002
   1.92732775        0.10277967378612950     
   1.93078792         8.5828150048506954E-002
   1.93424809         9.5843279921612151E-002
   1.93770826         7.8905168151896188E-002
   1.94116843         8.8933844501348308E-002
   1.94462860         7.2009413123818533E-002
   1.94808877         8.2051903182794914E-002
   1.95154893         6.5141418227777415E-002
   1.95500910         7.5197986812106793E-002
   1.95846927         5.8301711869387901E-002
   1.96192944         6.8372621331373964E-002
   1.96538961         5.1490817504441538E-002
   1.96884978         6.1576327687525322E-002
   1.97230995         4.4709253548649949E-002
   1.97577012         5.4809621742917349E-002
   1.97923028         3.7957533289090996E-002
   1.98269045         4.8073014187639519E-002
   1.98615062         3.1236164797375881E-002
   1.98961079         4.1367010453554891E-002
   1.99307096         2.4545650844568338E-002
   1.99653113         3.4692110630099700E-002
   1.99999130         1.7886488817873625E-002
   2.00345159         2.8048809381867944E-002
   2.00691175         1.1259170639121014E-002
   2.01037192         2.1437595867999100E-002
   2.01383209         4.6641826850623638E-003
   2.01729226         1.4858953663390668E-002
   2.02075243        -1.8979942904932634E-003
   2.02421260         8.3133606817597065E-003
   2.02767277        -8.4268852326904835E-003
   2.03113294         1.8012891005675131E-003
   2.03459311        -1.4922020859759385E-002
   2.03805327        -4.6767947121678626E-003
   2.04151344        -2.1382937735254973E-002
   2.04497361        -1.1120430269155730E-002
   2.04843378        -2.7809178338381917E-002
   2.05189395        -1.7529163033195880E-002
   2.05535412        -3.4200291132389440E-002
   2.05881429        -2.3902544484598602E-002
   2.06227446        -4.0555830631017656E-002
   2.06573462        -3.0240132186653786E-002
   2.06919479        -4.6875357462980050E-002
   2.07265496        -3.6541489849125613E-002
   2.07611513        -5.3158438434467291E-002
   2.07957530        -4.2806187389758790E-002
   2.08303547        -5.9404646589655836E-002
   2.08649564        -4.9033800993785431E-002
   2.08995581        -6.5613561269207088E-002
   2.09341598        -5.5223913171417338E-002
   2.09687614        -7.1784768166747864E-002
   2.10033631        -6.1376112813306405E-002
   2.10379648        -7.7917859383311541E-002
   2.10725665        -6.7489995243967787E-002
   2.11071682        -8.4012433479737303E-002
   2.11417699        -7.3565162273149284E-002
   2.11763716        -9.0068095527007466E-002
   2.12109733        -7.9601222245135328E-002
   2.12455750        -9.6084457154518521E-002
   2.12801766        -8.5597790085982547E-002
   2.13147783       -0.10206113659627249     
   2.13493800        -9.1554487348665350E-002
   2.13839817       -0.10799775873498207     
   2.14185834        -9.7470942256136048E-002
   2.14531851       -0.11389395514407830     
   2.14877868       -0.10334678974228045     
   2.15223885       -0.11974936412761479     
   2.15569901       -0.10918167149076924     
   2.15915918       -0.12556363075806257     
   2.16261935       -0.11497523597179310     
   2.16607952       -0.13133640691198675     
   2.16953969       -0.12072713847668014     
   2.17299986       -0.13706735130360129     
   2.17646003       -0.12643704115038695     
   2.17992020       -0.14275612951619654     
   2.18338037       -0.13210461302186211     
   2.18684053       -0.14840241403143598     
   2.19030070       -0.13772953003227478     
   2.19376087       -0.15400588425651882     
   2.19722104       -0.14331147506110972     
   2.20068121       -0.15956622654920402     
   2.20414138       -0.14885013795012261     
   2.20760155       -0.16508313424069804     
   2.21106172       -0.15434521552515720     
   2.21452188       -0.17055630765640128     
   2.21798205       -0.15979641161582178     
   2.22144222       -0.17598545413451411     
   2.22490239       -0.16520343707302609     
   2.22836256       -0.18137028804250430     
   2.23182273       -0.17056600978437750     
   2.23528290       -0.18671053079143501     
   2.23874307       -0.17588385468744275     
   2.24220324       -0.19200591084815632     
   2.24566340       -0.18115670378086993     
   2.24912357       -0.19725616374536251     
   2.25258374       -0.18638429613338101     
   2.25604391       -0.20246103208951913     
   2.25950408       -0.19156637789063449     
   2.26296425       -0.20762026556666205     
   2.26642442       -0.19670270227996345     
   2.26988459       -0.21273362094607581     
   2.27334476       -0.20179302961299461     
   2.27680492       -0.21780086208185553     
   2.28026509       -0.20683712728615355     
   2.28372526       -0.22282175991235745     
   2.28718543       -0.21183476977906363     
   2.29064560       -0.22779609245754667     
   2.29410577       -0.21678573865084549     
   2.29756594       -0.23272364481425031     
   2.30102611       -0.22168982253432376     
   2.30448627       -0.23760420914932220     
   2.30794644       -0.22654681712815267     
   2.31140661       -0.24243758469072973     
   2.31486678       -0.23135652518686733     
   2.31832695       -0.24722357771657238     
   2.32178712       -0.23611875650887199     
   2.32524729       -0.25196200154204285     
   2.32870746       -0.24083332792237569     
   2.33216763       -0.25665267650434043     
   2.33562779       -0.24550006326928761     
   2.33908796       -0.26129542994555022     
   2.34254813       -0.25011879338708259     
   2.34600830       -0.26589009619349990     
   2.34946847       -0.25468935608865312     
   2.35292864       -0.27043651654060774     
   2.35638881       -0.25921159614015632     
   2.35984898       -0.27493453922073452     
   2.36330914       -0.26368536523687436     
   2.36676931       -0.27938401938405594     
   2.37022948       -0.26811052197710200     
   2.37368965       -0.28378481906996872     
   2.37714982       -0.27248693183407730     
   2.38060999       -0.28813680717804768     
   2.38407016       -0.27681446712596858     
   2.38753033       -0.29243985943707052     
   2.39099050       -0.28109300698393869     
   2.39445066       -0.29669385837212514     
   2.39791083       -0.28532243731830320     
   2.40137100       -0.30089869326982088     
   2.40483117       -0.28950265078279747     
   2.40829134       -0.30505426014161918     
   2.41175151       -0.29363354673697650     
   2.41521168       -0.30916046168530414     
   2.41867185       -0.29771503120676113     
   2.42213202       -0.31321720724461283     
   2.42559218       -0.30174701684315575     
   2.42905235       -0.31722441276704388     
   2.43251252       -0.30572942287915617     
   2.43597269       -0.32118200075986858     
   2.43943286       -0.30966217508486660     
   2.44289303       -0.32508990024436185     
   2.44635320       -0.31354520572085165     
   2.44981337       -0.32894804670827960     
   2.45327353       -0.31737845348974258     
   2.45673370       -0.33275638205659980     
   2.46019387       -0.32116186348612341     
   2.46365404       -0.33651485456055696     
   2.46711421       -0.32489538714471505     
   2.47057438       -0.34022341880498791     
   2.47403455       -0.32857898218689058     
   2.47749472       -0.34388203563401620     
   2.48095489       -0.33221261256553541     
   2.48441505       -0.34749067209509965     
   2.48787522       -0.33579624840828887     
   2.49133539       -0.35104930138146662     
   2.49479556       -0.33932986595918063     
   2.49825573       -0.35455790277296634     
   2.50171590       -0.34281344751870024     
   2.50517607       -0.35801646157535794     
   2.50863624       -0.34624698138231724     
   2.51209641       -0.36142496905807081     
   2.51555657       -0.34963046177748369     
   2.51901674       -0.36478342239045786     
   2.52247691       -0.35296388879914581     
   2.52593708       -0.36809182457657025     
   2.52939725       -0.35624726834379233     
   2.53285742       -0.37135018438848694     
   2.53631759       -0.35948061204206821     
   2.53977776       -0.37455851629822151     
   2.54323792       -0.36266393718998469     
   2.54669809       -0.37771684040823961     
   2.55015826       -0.36579726667875095     
   2.55361843       -0.38082518238061597     
   2.55707860       -0.36888062892326262     
   2.56053877       -0.38388357336485918     
   2.56399894       -0.37191405778927267     
   2.56745911       -0.38689204992443837     
   2.57091928       -0.37489759251927957     
   2.57437944       -0.38985065396203922     
   2.57783961       -0.37783127765716079     
   2.58129978       -0.39275943264358287     
   2.58475995       -0.38071516297158386     
   2.58822012       -0.39561843832103871     
   2.59168029       -0.38354930337822857     
   2.59514046       -0.39842772845406271     
   2.59860063       -0.38633375886085175     
   2.60206079       -0.40118736553049589     
   2.60552096       -0.38906859439122499     
   2.60898113       -0.40389741698575221     
   2.61244130       -0.39175387984798232     
   2.61590147       -0.40655795512113246     
   2.61936164       -0.39438968993440837     
   2.62282181       -0.40916905702109524     
   2.62628198       -0.39697610409520162     
   2.62974215       -0.41173080446952093     
   2.63320231       -0.39951320643224569     
   2.63666248       -0.41424328386500014     
   2.64012265       -0.40200108561942549     
   2.64358282       -0.41670658613518402     
   2.64704299       -0.40443983481651835     
   2.65050316       -0.41912080665022772     
   2.65396333       -0.40682955158220074     
   2.65742350       -0.42148604513536603     
   2.66088367       -0.40917033778619977     
   2.66434383       -0.42380240558265142     
   2.66780400       -0.41146229952062791     
   2.67126417       -0.42606999616189467     
   2.67472434       -0.41370554701053708     
   2.67818451       -0.42828892913084021     
   2.68164468       -0.41590019452372612     
   2.68510485       -0.43045932074461402     
   2.68856502       -0.41804636027983688     
   2.69202518       -0.43258129116447930     
   2.69548535       -0.42014416635877760     
   2.69894552       -0.43465496436593570     
   2.70240569       -0.42219373860850823     
   2.70586586       -0.43668046804619914     
   2.70932603       -0.42419520655222492     
   2.71278620       -0.43865793353109928     
   2.71624637       -0.42614870329497850     
   2.71970654       -0.44058749568143046     
   2.72316670       -0.42805436542976577     
   2.72662687       -0.44246929279879166     
   2.73008704       -0.42991233294312953     
   2.73354721       -0.44430346653095565     
   2.73700738       -0.43172274912030528     
   2.74046755       -0.44609016177680194     
   2.74392772       -0.43348576044994946     
   2.74738789       -0.44782952659085024     
   2.75084805       -0.43520151652848826     
   2.75430822       -0.44952171208743469     
   2.75776839       -0.43687016996412409     
   2.76122856       -0.45116687234455122     
   2.76468873       -0.43849187628053710     
   2.76814890       -0.45276516430742064     
   2.77160907       -0.44006679382031660     
   2.77506924       -0.45431674769180119     
   2.77852941       -0.44159508364816408     
   2.78198957       -0.45582178488708863     
   2.78544974       -0.44307690945390049     
   2.78890991       -0.45728044085924269     
   2.79237008       -0.44451243745532060     
   2.79583025       -0.45869288305357503     
   2.79929042       -0.44590183630092495     
   2.80275059       -0.46005928129743806     
   2.80621076       -0.44724527697257332     
   2.80967093       -0.46137980770285053     
   2.81313109       -0.44854293268809292     
   2.81659126       -0.46265463656909805     
   2.82005143       -0.44979497880388047     
   2.82351160       -0.46388394428534552     
   2.82697177       -0.45100159271753343     
   2.83043194       -0.46506790923329738     
   2.83389211       -0.45216295377055016     
   2.83735228       -0.46620671168994582     
   2.84081244       -0.45327924315113299     
   2.84427261       -0.46730053373044023     
   2.84773278       -0.45435064379713525     
   2.85119295       -0.46834955913111709     
   2.85465312       -0.45537734029918303     
   2.85811329       -0.46935397327272677     
   2.86157346       -0.45635951880401443     
   2.86503363       -0.47031396304389211     
   2.86849380       -0.45729736691806960     
   2.87195396       -0.47122971674483904     
   2.87541413       -0.45819107361136796     
   2.87887430       -0.47210142399143001     
   2.88233447       -0.45904082912170929     
   2.88579464       -0.47292927561954218     
   2.88925481       -0.45984682485923556     
   2.89271498       -0.47371346358982092     
   2.89617515       -0.46060925331138719     
   2.89963531       -0.47445418089284869     
   2.90309548       -0.46132830794829272     
   2.90655565       -0.47515162145476308     
   2.91001582       -0.46200418312862301     
   2.91347599       -0.47580598004335656     
   2.91693616       -0.46263707400594783     
   2.92039633       -0.47641745217469950     
   2.92385650       -0.46322717643563044     
   2.92731667       -0.47698623402031337     
   2.93077683       -0.46377468688229190     
   2.93423700       -0.47751252231493668     
   2.93769717       -0.46427980232788285     
   2.94115734       -0.47799651426490880     
   2.94461751       -0.46474272018039353     
   2.94807768       -0.47843840745721611     
   2.95153785       -0.46516363818323769     
   2.95499802       -0.47883839976922332     
   2.95845819       -0.46554275432534592     
   2.96191835       -0.47919668927913300     
   2.96537852       -0.46588026675199551     
   2.96883869       -0.47951347417719864     
   2.97229886       -0.46617637367641657     
   2.97575903       -0.47978895267772886     
   2.97921920       -0.46643127329220202     
   2.98267937       -0.48002332293191319     
   2.98613954       -0.46664516368655701     
   2.98959970       -0.48021678294150044     
   2.99305987       -0.46681824275441619     
   2.99652004       -0.48036953047336500     
   2.99998021       -0.46695070811346190     
   3.00344038       -0.48048176297498574     
   3.00690055       -0.46704275702007647     
   3.01036072       -0.48055367749087580     
   3.01382089       -0.46709458628625505     
   3.01728106       -0.48058547057998846     
   3.02074122       -0.46710639219751227     
   3.02420139       -0.48057733823413112     
   3.02766156       -0.46707837043181044     
   3.03112173       -0.48052947579741578     
   3.03458190       -0.46701071597954019     
   3.03804207       -0.48044207788677745     
   3.04150224       -0.46690362306458338     
   3.04496241       -0.48031533831358647     
   3.04842257       -0.46675728506648301     
   3.05188274       -0.48014945000638443     
   3.05534291       -0.46657189444375075     
   3.05880308       -0.47994460493477198     
   3.06226325       -0.46634764265834106     
   3.06572342       -0.47970099403447342     
   3.06918359       -0.46608472010131630     
   3.07264376       -0.47941880713360857     
   3.07610393       -0.46578331601972872     
   3.07956409       -0.47909823288019426     
   3.08302426       -0.46544361844474963     
   3.08648443       -0.47873945867090462     
   3.08994460       -0.46506581412106524     
   3.09340477       -0.47834267058111252     
   3.09686494       -0.46465008843757255     
   3.10032511       -0.47790805329624009     
   3.10378528       -0.46419662535938921     
   3.10724545       -0.47743579004443948     
   3.11070561       -0.46370560736121047     
   3.11416578       -0.47692606253062964     
   3.11762595       -0.46317721536203199     
   3.12108612       -0.47637905087191112     
   3.12454629       -0.46261162866126315     
   3.12800646       -0.47579493353438279     
   3.13146663       -0.46200902487625145     
   3.13492680       -0.47517388727138021     
   3.13838696       -0.46136957988124216     
   3.14184713       -0.47451608706316067     
   3.14530730       -0.46069346774779063     
   3.14876747       -0.47382170605805157     
   3.15222764       -0.45998086068665461     
   3.15568781       -0.47309091551508542     
   3.15914798       -0.45923192899117726     
   3.16260815       -0.47232388474814130     
   3.16606832       -0.45844684098218880     
   3.16952848       -0.47152078107160889     
   3.17298865       -0.45762576295444035     
   3.17644882       -0.47068176974759746     
   3.17990899       -0.45676885912459103     
   3.18336916       -0.46980701393470448     
   3.18682933       -0.45587629158076381     
   3.19028950       -0.46889667463836365     
   3.19374967       -0.45494822023368819     
   3.19720984       -0.46795091066278660     
   3.20067000       -0.45398480276944547     
   3.20413017       -0.46696987856451577     
   3.20759034       -0.45298619460383482     
   3.21105051       -0.46595373260760548     
   3.21451068       -0.45195254883836961     
   3.21797085       -0.46490262472044008     
   3.22143102       -0.45088401621792501     
   3.22489119       -0.46381670445421158     
   3.22835135       -0.44978074509004479     
   3.23181152       -0.46269611894306256     
   3.23527169       -0.44864288136592684     
   3.23873186       -0.46154101286591243     
   3.24219203       -0.44747056848309152     
   3.24565220       -0.46035152840997567     
   3.24911237       -0.44626394736975361     
   3.25257254       -0.45912780523598651     
   3.25603271       -0.44502315641090084     
   3.25949287       -0.45786998044513760     
   3.26295304       -0.44374833141609760     
   3.26641321       -0.45657818854774651     
   3.26987338       -0.44243960558901485     
   3.27333355       -0.45525256143365606     
   3.27679372       -0.44109710949870273     
   3.28025389       -0.45389322834437879     
   3.28371406       -0.43972097105261049     
   3.28717422       -0.45250031584699474     
   3.29063439       -0.43831131547136309     
   3.29409456       -0.45107394780980758     
   3.29755473       -0.43686826526529926     
   3.30101490       -0.44961424537976802     
   3.30447507       -0.43539194021277960     
   3.30793524       -0.44812132696166851     
   3.31139541       -0.43388245734027148     
   3.31485558       -0.44659530819911664     
   3.31831574       -0.43233993090421163     
   3.32177591       -0.44503630195729010     
   3.32523608       -0.43076447237465454     
   3.32869625       -0.44344441830747916     
   3.33215642       -0.42915619042070868     
   3.33561659       -0.44181976451341692     
   3.33907676       -0.42751519089776269     
   3.34253693       -0.44016244501940327     
   3.34599710       -0.42584157683650681     
   3.34945726       -0.43847256144022229     
   3.35291743       -0.42413544843374729     
   3.35637760       -0.43675021255285473     
   3.35983777       -0.42239690304501681     
   3.36329794       -0.43499549428998679     
   3.36675811       -0.42062603517898051     
   3.37021828       -0.43320849973531367     
   3.37367845       -0.41882293649363839     
   3.37713861       -0.43138931912063838     
   3.38059878       -0.41698769579431971     
   3.38405895       -0.42953803982476307     
   3.38751912       -0.41512039903347059     
   3.39097929       -0.42765474637417206     
   3.39443946       -0.41322112931222976     
   3.39789963       -0.42573952044550062     
   3.40135980       -0.41128996688379404     
   3.40481997       -0.42379244086979079     
   3.40828013       -0.40932698915855881     
   3.41174030       -0.42181358363852434     
   3.41520047       -0.40733227071104344     
   3.41866064       -0.41980302191143065     
   3.42212081       -0.40530588328858336     
   3.42558098       -0.41776082602606612     
   3.42904115       -0.40324789582179038     
   3.43250132       -0.41568706350915319     
   3.43596148       -0.40115837443677127     
   3.43942165       -0.41358179908967529     
   3.44288182       -0.39903738246909815     
   3.44634199       -0.41144509471372176     
   3.44980216       -0.39688498047952198     
   3.45326233       -0.40927700956106866     
   3.45672250       -0.39470122627142268     
   3.46018267       -0.40707760006349208     
   3.46364284       -0.39248617490998161     
   3.46710300       -0.40484691992480132     
   3.47056317       -0.39023987874307098     
   3.47402334       -0.40258502014258074     
   3.47748351       -0.38796238742384820     
   3.48094368       -0.40029194903163207     
   3.48440385       -0.38565374793504176     
   3.48786402       -0.39796775224910291     
   3.49132419       -0.38331400461491888     
   3.49478436       -0.39561247282128903     
   3.49824452       -0.38094319918492131     
   3.50170469       -0.39322615117210047     
   3.50516486       -0.37854137077895417     
   3.50862503       -0.39080882515317195     
   3.51208520       -0.37610855597431969     
   3.51554537       -0.38836053007561100     
   3.51900554       -0.37364478882427166     
   3.52246571       -0.38588129874336080     
   3.52592587       -0.37115010089218509     
   3.52938604       -0.38337116148816858     
   3.53284621       -0.36862452128731776     
   3.53630638       -0.38083014620613898     
   3.53976655       -0.36606807670215247     
   3.54322672       -0.37825827839585874     
   3.54668689       -0.36348079145129936     
   3.55014706       -0.37565558119807257     
   3.55360723       -0.36086268751194128     
   3.55706739       -0.37302207543689481     
   3.56052756       -0.35821378456580505     
   3.56398773       -0.37035777966253514     
   3.56744790       -0.35553410004264013     
   3.57090807       -0.36766271019552288     
   3.57436824       -0.35282364916518122     
   3.57782841       -0.36493688117240680     
   3.58128858       -0.35008244499557989     
   3.58474874       -0.36218030459291145     
   3.58820891       -0.34731049848328216     
   3.59166908       -0.35939299036852984     
   3.59512925       -0.34450781851432999     
   3.59858942       -0.35657494637252907     
   3.60204959       -0.34167441196206638     
   3.60550976       -0.35372617849134980     
   3.60896993       -0.33881028373922090     
   3.61243010       -0.35084669067737206     
   3.61589026       -0.33591543685135361     
   3.61935043       -0.34793648500303148     
   3.62281060       -0.33298987245163481     
   3.62627077       -0.34499556171625506     
   3.62973094       -0.33003358989693288     
   3.63319111       -0.34202391929719694     
   3.63665128       -0.32704658680519033     
   3.64011145       -0.33902155451624788     
   3.64357162       -0.32402885911406126     
   3.64703178       -0.33598846249329406     
   3.65049195       -0.32098040114078463     
   3.65395212       -0.33292463675819850     
   3.65741229       -0.31790120564326790     
   3.66087246       -0.32983006931248005     
   3.66433263       -0.31479126388235418     
   3.66779280       -0.32670475069216298     
   3.67125297       -0.31165056568524679     
   3.67471313       -0.32354867003176957     
   3.67817330       -0.30847909951006525     
   3.68163347       -0.32036181512942996     
   3.68509364       -0.30527685251150022     
   3.68855381       -0.31714417251307880     
   3.69201398       -0.30204381060754565     
   3.69547415       -0.31389572750771383     
   3.69893432       -0.29877995854727402     
   3.70239449       -0.31061646430368239     
   3.70585465       -0.29548527997963220     
   3.70931482       -0.30730636602597400     
   3.71277499       -0.29215975752321816     
   3.71623516       -0.30396541480448191     
   3.71969533       -0.28880337283702168     
   3.72315550       -0.30059359184520862     
   3.72661567       -0.28541610669208833     
   3.73007584       -0.29719087750238404     
   3.73353601       -0.28199793904408282     
   3.73699617       -0.29375725135146519     
   3.74045634       -0.27854884910671662     
   3.74391651       -0.29029269226298404     
   3.74737668       -0.27506881542601147     
   3.75083685       -0.28679717847721914     
   3.75429702       -0.27155781595536577     
   3.75775719       -0.28327068767965008     
   3.76121736       -0.26801582813139441     
   3.76467752       -0.27971319707717063     
   3.76813769       -0.26444282895050475     
   3.77159786       -0.27612468347502378     
   3.77505803       -0.26083879504618201     
   3.77851820       -0.27250512335442750     
   3.78197837       -0.25720370276694854     
   3.78543854       -0.26885449295085900     
   3.78889871       -0.25353752825496378     
   3.79235888       -0.26517276833296277     
   3.79581904       -0.24984024752523268     
   3.79927921       -0.26145992548204988     
   3.80273938       -0.24611183654538835     
   3.80619955       -0.25771594037215673     
   3.80965972       -0.24235227131601461     
   3.81311989       -0.25394078905062384     
   3.81658006       -0.23856152795147809     
   3.82004023       -0.25013444771916915     
   3.82350039       -0.23473958276122933     
   3.82696056       -0.24629689281541176     
   3.83042073       -0.23088641233154436     
   3.83388090       -0.24242810109482099     
   3.83734107       -0.22700199360766879     
   3.84080124       -0.23852804971304825     
   3.84426141       -0.22308630397633172     
   3.84772158       -0.23459671630861303     
   3.85118175       -0.21913932134859343     
   3.85464191       -0.23063407908590255     
   3.85810208       -0.21516102424299083     
   3.86156225       -0.22664011689845642     
   3.86502242       -0.21115139186894716     
   3.86848259       -0.22261480933249317     
   3.87194276       -0.20711040421041241     
   3.87540293       -0.21855813679065086     
   3.87886310       -0.20303804210969240     
   3.88232327       -0.21447008057590145     
   3.88578343       -0.19893428735143859     
   3.88924360       -0.21035062297560464     
   3.89270377       -0.19479912274675915     
   3.89616394       -0.20619974734566679     
   3.89962411       -0.19063253221741577     
   3.90308428       -0.20201743819476703     
   3.90654445       -0.18643450088007105     
   3.91000462       -0.19780368126861719     
   3.91346478       -0.18220501513055015     
   3.91692495       -0.19355846363421708     
   3.92038512       -0.17794406272808244     
   3.92384529       -0.18928177376407232     
   3.92730546       -0.17365163287948585     
   3.93076563       -0.18497360162033655     
   3.93422580       -0.16932771632325835     
   3.93768597       -0.18063393873884276     
   3.94114614       -0.16497230541353994     
   3.94460630       -0.17626277831298884     
   3.94806647       -0.16058539420391255     
   3.95152664       -0.17186011527744072     
   3.95498681       -0.15616697853099792     
   3.95844698       -0.16742594639161751     
   3.96190715       -0.15171705609782113     
   3.96536732       -0.16296027032292307     
   3.96882749       -0.14723562655690103     
   3.97228765       -0.15846308772968845     
   3.97574782       -0.14272269159303527     
   3.97920799       -0.15393440134378933     
   3.98266816       -0.13817825500574302     
   3.98612833       -0.14937421605290410     
   3.98958850       -0.13360232279132808     
   3.99304867       -0.14478253898237553     
   3.99650884       -0.12899490322453072     
   3.99996901       -0.14015937957664279     
   4.00342941       -0.12435600693973020     
   4.00688982       -0.13550474968020626     
   4.01035023       -0.11968564701166561     
   4.01381063       -0.13081866361809374     
   4.01727104       -0.11498383903563637     
   4.02073145       -0.12610113827578975     
   4.02419186       -0.11025060120715231     
   4.02765226       -0.12135219317859525     
   4.03111267       -0.10548595440099470     
   4.03457308       -0.11657185057038291     
   4.03803349       -0.10068992224965813     
   4.04149389       -0.11176013549171522     
   4.04495430        -9.5862531221133834E-002
   4.04841471       -0.10691707585728716     
   4.05187511        -9.1003810696006465E-002
   4.05533552       -0.10204270253266590     
   4.05879593        -8.6113793043825035E-002
   4.06225634        -9.7137049410288223E-002
   4.06571674        -8.1192513698720950E-002
   4.06917715        -9.2200153484685785E-002
   4.07263756        -7.6240011234232172E-002
   4.07609797        -8.7232054926904889E-002
   4.07955837        -7.1256327437308142E-002
   4.08301878        -8.2232797158085971E-002
   4.08647919        -6.6241507381458425E-002
   4.08993959        -7.7202426922173314E-002
   4.09340000        -6.1195599499013716E-002
   4.09686041        -7.2140994357720242E-002
   4.10032082        -5.6118655652468090E-002
   4.10378122        -6.7048553068759467E-002
   4.10724163        -5.1010731204869521E-002
   4.11070204        -6.1925160194706785E-002
   4.11416245        -4.5871885089228001E-002
   4.11762285        -5.6770876479266139E-002
   4.12108326        -4.0702179876911521E-002
   4.12454367        -5.1585766338307096E-002
   4.12800407        -3.5501681844995463E-002
   4.13146448        -4.6369897926680753E-002
   4.13492489        -3.0270461042539876E-002
   4.13838530        -4.1123343203948996E-002
   4.14184570        -2.5008591355760626E-002
   4.14530611        -3.5846177998992382E-002
   4.14876652        -1.9716150572068384E-002
   4.15222692        -3.0538482073470607E-002
   4.15568733        -1.4393220442942665E-002
   4.15914774        -2.5200339184104349E-002
   4.16260815        -9.0398867456159496E-003
   4.16606855        -1.9831837143753452E-002
   4.16952896        -3.6562393435351000E-003
   4.17298937        -1.4433067881257151E-002
   4.17644978         1.7576277544216691E-003
   4.17991018        -9.0041275000167370E-003
   4.18337059         7.2016163360068526E-003
   4.18683100        -3.5451163352857779E-003
   4.19029140         1.2675623928966520E-002
   4.19375181         1.9438609898535990E-003
   4.19721222         1.8179543745732007E-002
   4.20067263         7.4626955098574463E-003
   4.20413303         2.3713264629467250E-002
   4.20759344         1.3011273863454485E-002
   4.21105385         2.9276671001496689E-002
   4.21451426         1.8589478241773698E-002
   4.21797466         3.4869642810140149E-002
   4.22143507         2.4197186337890524E-002
   4.22489548         4.0492055480976244E-002
   4.22835588         2.9834271297816222E-002
   4.23181629         4.6143779868561566E-002
   4.23527670         3.5500601672951840E-002
   4.23873711         5.1824682209627666E-002
   4.24219751         4.1196041374034160E-002
   4.24565792         5.7534624077780414E-002
   4.24911833         4.6920449626592670E-002
   4.25257874         6.3273462339721129E-002
   4.25603914         5.2673680927942210E-002
   4.25949955         6.9041049113014966E-002
   4.26295996         5.8455585005731871E-002
   4.26642036         7.4837231725425987E-002
   4.26988077         6.4266006778071677E-002
   4.27334118         8.0661852675841056E-002
   4.27680159         7.0104786315257323E-002
   4.28026199         8.6514749596800847E-002
   4.28372240         7.5971758803114076E-002
   4.28718281         9.2395755218659878E-002
   4.29064322         8.1866754507977285E-002
   4.29410362         9.8304697335393487E-002
   4.29756403         8.7789598743330685E-002
   4.30102444        0.10424139877207121     
   4.30448484         9.3740111838118367E-002
   4.30794525        0.11020567735401367     
   4.31140566         9.9718109106751052E-002
   4.31486607        0.11619734587764932     
   4.31832647        0.10572340082081987     
   4.32178688        0.12221621208309229     
   4.32524729        0.11175579218253821     
   4.32870770        0.12826207862845096     
   4.33216810        0.11781508329992436     
   4.33562851        0.13433474306588805     
   4.33908892        0.12390106916374108     
   4.34254932        0.14043399781944388     
   4.34600973        0.13001353962620732     
   4.34947014        0.14655963016464055     
   4.35293055        0.13615227938149604     
   4.35639095        0.15271142220987513     
   4.35985136        0.14231706794802929     
   4.36331177        0.15888915087962138     
   4.36677217        0.14850767965258591     
   4.37023258        0.16509258789944636     
   4.37369299        0.15472388361623288     
   4.37715340        0.17132149978285788     
   4.38061380        0.16096544374209087     
   4.38407421        0.17757564781999180     
   4.38753462        0.16723211870494453     
   4.39099503        0.18385478806814851     
   4.39445543        0.17352366194271004     
   4.39791584        0.19015867134419220     
   4.40137625        0.17983982164976534     
   4.40483665        0.19648704321881608     
   4.40829706        0.18618034077215545     
   4.41175747        0.20283964401268736     
   4.41521788        0.19254495700467694     
   4.41867828        0.20921620879447636     
   4.42213869        0.19893340278985333     
   4.42559910        0.21561646738077669     
   4.42905951        0.20534540531880363     
   4.43251991        0.22204014433792532     
   4.43598032        0.21178068653401338     
   4.43944073        0.22848695898572505     
   4.44290113        0.21823896313401006     
   4.44636154        0.23495662540307535     
   4.44982195        0.22471994657995167     
   4.45328236        0.24144885243551753     
   4.45674276        0.23122334310412676     
   4.46020317        0.24796334370469320     
   4.46366358        0.23774885372037580     
   4.46712399        0.25449979761972485     
   4.47058439        0.24429617423642783     
   4.47404480        0.26105790739051488     
   4.47750521        0.25086499526816403     
   4.48096561        0.26763736104296787     
   4.48442602        0.25745500225579926     
   4.48788643        0.27423784143613633     
   4.49134684        0.26406587548198973     
   4.49480724        0.28085902628128762     
   4.49826765        0.27069729009186222     
   4.50172806        0.28750058816289531     
   4.50518847        0.27734891611496443     
   4.50864887        0.29416219456154896     
   4.51210928        0.28402041848913517     
   4.51556969        0.30084350787878306     
   4.51903009        0.29071145708629159     
   4.52249050        0.30754418546382323     
   4.52595091        0.29742168674013075     
   4.52941132        0.31426387964224139     
   4.53287172        0.30415075727574103     
   4.53633213        0.32100223774652054     
   4.53979254        0.31089831354111741     
   4.54325294        0.32775890214852194     
   4.54671335        0.31766399544057877     
   4.55017376        0.33453351029384998     
   4.55363417        0.32444743797007752     
   4.55709457        0.34132569473810470     
   4.56055498        0.33124827125439732     
   4.56401539        0.34813508318502234     
   4.56747580        0.33806612058622915     
   4.57093620        0.35496129852648689     
   4.57439661        0.34490060646712151     
   4.57785702        0.36180395888441280     
   4.58131742        0.35175134465028951     
   4.58477783        0.36866267765448302     
   4.58823824        0.35861794618528059     
   4.59169865        0.37553706355173627     
   4.59515905        0.36550001746448113     
   4.59861946        0.38242672065799177     
   4.60207987        0.37239716027145631     
   4.60554028        0.38933124847110018     
   4.60900068        0.37930897183110884     
   4.61246109        0.39625024195600944     
   4.61592150        0.38623504486164828     
   4.61938190        0.40318329159763033     
   4.62284231        0.39317496762835241     
   4.62630272        0.41012998345549506     
   4.62976313        0.40012832399911347     
   4.63322353        0.41708989922018419     
   4.63668394        0.40709469350174943     
   4.64014435        0.42406261627151920     
   4.64360476        0.41407365138306901     
   4.64706516        0.43104770773849627     
   4.65052557        0.42106476866967191     
   4.65398598        0.43804474256095016     
   4.65744638        0.42806761223047246     
   4.66090679        0.44505328555293033     
   4.66436720        0.43508174484092310     
   4.66782761        0.45207289746777130     
   4.67128801        0.44210672524892713     
   4.67474842        0.45910313506484018     
   4.67820883        0.44914210824241824     
   4.68166924        0.46614355117794448     
   4.68512964        0.45618744471858907     
   4.68859005        0.47319369478537671     
   4.69205046        0.46324228175474907     
   4.69551086        0.48025311108158086     
   4.69897127        0.47030616268079312     
   4.70243168        0.48732134155041729     
   4.70589209        0.47737862715325802     
   4.70935249        0.49439792404000643     
   4.71281290        0.48445921123094859     
   4.71627331        0.50148239283912899     
   4.71973372        0.49154744745210616     
   4.72319412        0.50857427875516181     
   4.72665453        0.49864286491310428     
   4.73011494        0.51567310919352405     
   4.73357534        0.50574498934864243     
   4.73703575        0.52277840823861343     
   4.74049616        0.51285334321341758     
   4.74395657        0.52988969673620734     
   4.74741697        0.51996744576524745     
   4.75087738        0.53700649237730302     
   4.75433779        0.52708681314962325     
   4.75779819        0.54412830978337390     
   4.76125860        0.53421095848566258     
   4.76471901        0.55125466059301542     
   4.76817942        0.54133939195344227     
   4.77163982        0.55838505354995527     
   4.77510023        0.54847162088267731     
   4.77856064        0.56551899459239907     
   4.78202105        0.55560714984272830     
   4.78548145        0.57265598694368747     
   4.78894186        0.56274548073390140     
   4.79240227        0.57979553120423444     
   4.79586267        0.56988611288001745     
   4.79932308        0.58693712544472088     
   4.80278349        0.57702854312222140     
   4.80624390        0.59408026530051150     
   4.80970430        0.58417226591400229     
   4.81316471        0.60122444406727049     
   4.81662512        0.59131677341739519     
   4.82008553        0.60836915279774195     
   4.82354593        0.59846155560033354     
   4.82700634        0.61551388039966837     
   4.83046675        0.60560610033512496     
   4.83392715        0.62265811373481394     
   4.83738756        0.61274989349801567     
   4.84084797        0.62980133771906399     
   4.84430838        0.61989241906981607     
   4.84776878        0.63694303542356767     
   4.85122919        0.62703315923755332     
   4.85468960        0.64408268817689251     
   4.85815001        0.63417159449711991     
   4.86161041        0.65121977566815969     
   4.86507082        0.64130720375688588     
   4.86853123        0.65835377605112444     
   4.87199163        0.64843946444224154     
   4.87545204        0.66548416604917271     
   4.87891245        0.65556785260103800     
   4.88237286        0.67261042106119751     
   4.88583326        0.66269184300989159     
   4.88929367        0.67973201526832183     
   4.89275408        0.66981090928131626     
   4.89621449        0.68684842174143457     
   4.89967489        0.67692452397165559     
   4.90313530        0.69395911254950637     
   4.90659571        0.68403215868977230     
   4.91005611        0.70106355886864713     
   4.91351652        0.69113328420646547     
   4.91697693        0.70816123109187279     
   4.92043734        0.69822737056457851     
   4.92389774        0.71525159893954571     
   4.92735815        0.70531388718976251     
   4.93081856        0.72233413157045168     
   4.93427896        0.71239230300185918     
   4.93773937        0.72940829769348026     
   4.94119978        0.71946208652686616     
   4.94466019        0.73647356567986677     
   4.94812059        0.72652270600945135     
   4.95158100        0.74352940367596743     
   4.95504141        0.73357362952597571     
   4.95850182        0.75057527971652338     
   4.96196222        0.74061432509799141     
   4.96542263        0.75761066183838111     
   4.96888304        0.74764426080617430     
   4.97234344        0.76463501819463042     
   4.97580385        0.75466290490465815     
   4.97926426        0.77164781716912267     
   4.98272467        0.76166972593572801     
   4.98618507        0.77864852749133273     
   4.98964548        0.76866419284484044     
   4.99310589        0.78563661835152465     
   4.99656630        0.77564577509592669     
   5.00002670        0.79261155951618611     
   5.00348711        0.78261394278694685     
   5.00694752        0.79957282144369124     
   5.01040792        0.78956816676565245     
   5.01386833        0.80651987540015357     
   5.01732874        0.79650791874552185     
   5.02078915        0.81345219357543330     
   5.02424955        0.80343267142182784     
   5.02770996        0.82036924919925680     
   5.03117037        0.81034189858780004     
   5.03463078        0.82727051665741325     
   5.03809118        0.81723507525084560     
   5.04155159        0.83415547160798709     
   5.04501200        0.82411167774878480     
   5.04847240        0.84102359109758851     
   5.05193281        0.83097118386606617     
   5.05539322        0.84787435367754471     
   5.05885363        0.83781307294992335     
   5.06231403        0.85470723952001004     
   5.06577444        0.84463682602643031     
   5.06923485        0.86152173053395864     
   5.07269526        0.85144192591642109     
   5.07615566        0.86831731048102045     
   5.07961607        0.85822785735123164     
   5.08307648        0.87509346509111952     
   5.08653688        0.86499410708822622     
   5.08999729        0.88184968217787951     
   5.09345770        0.87174016402607080     
   5.09691811        0.88858545175375370     
   5.10037851        0.87846551931971117     
   5.10383892        0.89530026614484293     
   5.10729933        0.88516966649502060     
   5.11075974        0.90199362010536299     
   5.11422014        0.89185210156307737     
   5.11768055        0.90866501093172103     
   5.12114096        0.89851232313402973     
   5.12460136        0.91531393857616283     
   5.12806177        0.90514983253051695     
   5.13152218        0.92193990575995499     
   5.13498259        0.91176413390060174     
   5.13844299        0.92854241808605864     
   5.14190340        0.91835473433017800     
   5.14536381        0.93512098415126155     
   5.14882421        0.92492114395481573     
   5.15228462        0.94167511565772788     
   5.15574503        0.93146287607100486     
   5.15920544        0.94820432752392603     
   5.16266584        0.93797944724676030     
   5.16612625        0.95470813799489940     
   5.16958666        0.94447037743154971     
   5.17304707        0.96118606875184287     
   5.17650747        0.95093519006550564     
   5.17996788        0.96763764502094418     
   5.18342829        0.95737341218788896     
   5.18688869        0.97406239568145470     
   5.19034910        0.96378457454475897     
   5.19380951        0.98045985337295460     
   5.19726992        0.97016821169582113     
   5.20073032        0.98682955460177035     
   5.20419073        0.97652386212040876     
   5.20765114        0.99317103984651389     
   5.21111155        0.98285106832256774     
   5.21457195        0.99948385366270254     
   5.21803236        0.98914937693520355     
   5.22149277         1.0057675447864249     
   5.22495317        0.99541833882325892     
   5.22841358         1.0120216662370196     
   5.23187399         1.0016575091858806     
   5.23533440         1.0182457754187246     
   5.23879480         1.0078664476575470     
   5.24225521         1.0244394342212704     
   5.24571562         1.0140447184081147     
   5.24917603         1.0306022091193752     
   5.25263643         1.0201918902417551     
   5.25609684         1.0367336712711102     
   5.25955725         1.0263075366947416     
   5.26301765         1.0428333966151022     
   5.26647806         1.0323912361320549     
   5.26993847         1.0489009659665367     
   5.27339888         1.0384425718427774     
   5.27685928         1.0549359651119274     
   5.28031969         1.0444611321342334     
   5.28378010         1.0609379849026253     
   5.28724051         1.0504465104248517     
   5.29070091         1.0669066213470249     
   5.29416132         1.0563983053357133     
   5.29762173         1.0728414757014435     
   5.30108213         1.0623161207807512     
   5.30454254         1.0787421545596370     
   5.30800295         1.0681995660555743     
   5.31146336         1.0846082699409214     
   5.31492376         1.0740482559248810     
   5.31838417         1.0904394393768699     
   5.32184458         1.0798618107084308     
   5.32530499         1.0962352859965547     
   5.32876539         1.0856398563655474     
   5.33222580         1.1019954386103021     
   5.33568621         1.0913820245781189     
   5.33914661         1.1077195317919306     
   5.34260702         1.0970879528320698     
   5.34606743         1.1134072059594473     
   5.34952784         1.1027572844972706     
   5.35298824         1.1190581074541683     
   5.35644865         1.1083896689058617     
   5.35990906         1.1246718886182352     
   5.36336946         1.1139847614289593     
   5.36682987         1.1302482078705054     
   5.37029028         1.1195422235517192     
   5.37375069         1.1357867297807822     
   5.37721109         1.1250617229467297     
   5.38067150         1.1412871251423617     
   5.38413191         1.1305429335457049     
   5.38759232         1.1467490710428696     
   5.39105272         1.1359855356094573     
   5.39451313         1.1521722509333627     
   5.39797354         1.1413892157961223     
   5.40143394         1.1575563546956662     
   5.40489435         1.1467536672276062     
   5.40835476         1.1629010787079304     
   5.41181517         1.1520785895542383     
   5.41527557         1.1682061259083731     
   5.41873598         1.1573636890176022     
   5.42219639         1.1734712058571910     
   5.42565680         1.1626086785115226     
   5.42911720         1.1786960347966156     
   5.43257761         1.1678132776411831     
   5.43603802         1.1838803357090910     
   5.43949842         1.1729772127803573     
   5.44295883         1.1890238383735499     
   5.44641924         1.1781002171267270     
   5.44987965         1.1941262794197727     
   5.45334005         1.1831820307552745     
   5.45680046         1.1991874023808016     
   5.46026087         1.1882224006697182     
   5.46372128         1.2042069577433985     
   5.46718168         1.1932210808519812     
   5.47064209         1.2091847029965188     
   5.47410250         1.1981778323096706     
   5.47756290         1.2141204026777894     
   5.48102331         1.2030924231215494     
   5.48448372         1.2190138284179706     
   5.48794413         1.2079646284809826     
   5.49140453         1.2238647589833846     
   5.49486494         1.2127942307373445     
   5.49832535         1.2286729803162943     
   5.50178576         1.2175810194353653     
   5.50524616         1.2334382855732173     
   5.50870657         1.2223247913524085     
   5.51216698         1.2381604751611588     
   5.51562738         1.2270253505336557     
   5.51908779         1.2428393567717504     
   5.52254820         1.2316825083251959     
   5.52600861         1.2474747454132800     
   5.52946901         1.2362960834049945     
   5.53292942         1.2520664634406009     
   5.53638983         1.2408659018117352     
   5.53985023         1.2566143405829056     
   5.54331064         1.2453917969715271     
   5.54677105         1.2611182139693553     
   5.55023146         1.2498736097224528     
   5.55369186         1.2655779281525532     
   5.55715227         1.2543111883369618     
   5.56061268         1.2699933351298500     
   5.56407309         1.2587043885420890     
   5.56753349         1.2743642943624749     
   5.57099390         1.2630530735374939     
   5.57445431         1.2786906727924805     
   5.57791471         1.2673571140113109     
   5.58137512         1.2829723448574957     
   5.58483553         1.2716163881538027     
   5.58829594         1.2872091925032791     
   5.59175634         1.2758307816688090     
   5.59521675         1.2914011051940635     
   5.59867716         1.2800001877829899     
   5.60213757         1.2955479799206915     
   5.60559797         1.2841245072528489     
   5.60905838         1.2996497212065297     
   5.61251879         1.2882036483695396     
   5.61597919         1.3037062411111640     
   5.61943960         1.2922375269614477     
   5.62290001         1.3077174592318683     
   5.62636042         1.2962260663945455     
   5.62982082         1.3116833027028452     
   5.63328123         1.3001691975705181     
   5.63674164         1.3156037061922352     
   5.64020205         1.3040668589226572     
   5.64366245         1.3194786118968971     
   5.64712286         1.3079189964095232     
   5.65058327         1.3233079695349512     
   5.65404367         1.3117255635063763     
   5.65750408         1.3270917363360959     
   5.66096449         1.3154865211943731     
   5.66442490         1.3308298770296889     
   5.66788530         1.3192018379475352     
   5.67134571         1.3345223638305994     
   5.67480612         1.3228714897174869     
   5.67826653         1.3381691764228361     
   5.68172693         1.3264954599159706     
   5.68518734         1.3417703019409464     
   5.68864775         1.3300737393951347     
   5.69210815         1.3453257349491992     
   5.69556856         1.3336063264256093     
   5.69902897         1.3488354774185496     
   5.70248938         1.3370932266723647     
   5.70594978         1.3522995387013970     
   5.70941019         1.3405344531683649     
   5.71287060         1.3557179355041329     
   5.71633101         1.3439300262860197     
   5.71979141         1.3590906918574994     
   5.72325182         1.3472799737064431     
   5.72671223         1.3624178390847512     
   5.73017263         1.3505843303865275     
   5.73363304         1.3656994157676432     
   5.73709345         1.3538431385238414     
   5.74055386         1.3689354677102381     
   5.74401426         1.3570564475193567     
   5.74747467         1.3721260479005608     
   5.75093508         1.3602243139380241     
   5.75439548         1.3752712164700942     
   5.75785589         1.3633468014671977     
   5.76131630         1.3783710406511380     
   5.76477671         1.3664239808729310     
   5.76823711         1.3814255947320402     
   5.77169752         1.3694559299541451     
   5.77515793         1.3844349600103103     
   5.77861834         1.3724427334946911     
   5.78207874         1.3873992247436340     
   5.78553915         1.3753844832133189     
   5.78899956         1.3903184840987963     
   5.79245996         1.3782812777115634     
   5.79592037         1.3931928400985372     
   5.79938078         1.3811332224195669     
   5.80284119         1.3960224015663452     
   5.80630159         1.3839404295398534     
   5.80976200         1.3988072840692125     
   5.81322241         1.3867030179890667     
   5.81668282         1.4015476098583681     
   5.82014322         1.3894211133377004     
   5.82360363         1.4042435078080009     
   5.82706404         1.3920948477478234     
   5.83052444         1.4068951133519989     
   5.83398485         1.3947243599088353     
   5.83744526         1.4095025684187188     
   5.84090567         1.3973097949712541     
   5.84436607         1.4120660213638054     
   5.84782648         1.3998513044785759     
   5.85128689         1.4145856269010872     
   5.85474730         1.4023490462972057     
   5.85820770         1.4170615460315592     
   5.86166811         1.4048031845445035     
   5.86512852         1.4194939459704847     
   5.86858892         1.4072138895149457     
   5.87204933         1.4218830000726326     
   5.87550974         1.4095813376044430     
   5.87897015         1.4242288877556761     
   5.88243055         1.4119057112328253     
   5.88589096         1.4265317944217721     
   5.88935137         1.4141871987645247     
   5.89281178         1.4287919113773544     
   5.89627218         1.4164259944274806     
   5.89973259         1.4310094357511540     
   5.90319300         1.4186222982302870     
   5.90665340         1.4331845704104826     
   5.91011381         1.4207763158776139     
   5.91357422         1.4353175238757989     
   5.91703463         1.4228882586839275     
   5.92049503         1.4374085102335874     
   5.92395544         1.4249583434855355     
   5.92741585         1.4394577490475762     
   5.93087626         1.4269867925509818     
   5.93433666         1.4414654652683205     
   5.93779707         1.4289738334898281     
   5.94125748         1.4434318891411848     
   5.94471788         1.4309196991598407     
   5.94817829         1.4453572561127441     
   5.95163870         1.4328246275726191     
   5.95509911         1.4472418067356470     
   5.95855951         1.4346888617976943     
   5.96201992         1.4490857865719531     
   5.96548033         1.4365126498651219     
   5.96894073         1.4508894460949973     
   5.97240114         1.4382962446666130     
   5.97586155         1.4526530405897873     
   5.97932196         1.4400399038552198     
   5.98278236         1.4543768300519917     
   5.98624277         1.4417438897436219     
   5.98970318         1.4560610790855271     
   5.99316359         1.4434084692010327     
   5.99662399         1.4577060567987943     
   6.00008440         1.4450339135487684     
   6.00354481         1.4593120366995911     
   6.00700521         1.4466204984545110     
   6.01046562         1.4608792965887292     
   6.01392603         1.4481685038252934     
   6.01738644         1.4624081184524003     
   6.02084684         1.4496782136992512     
   6.02430725         1.4638987883533177     
   6.02776766         1.4511499161361634     
   6.03122807         1.4653515963206718     
   6.03468847         1.4525839031068317     
   6.03814888         1.4667668362389339     
   6.04160929         1.4539804703813195     
   6.04506969         1.4681448057355446     
   6.04853010         1.4553399174160961     
   6.05199051         1.4694858060675233     
   6.05545092         1.4566625472401220     
   6.05891132         1.4707901420070344     
   6.06237173         1.4579486663399055     
   6.06583214         1.4720581217259487     
   6.06929255         1.4591985845435764     
   6.07275295         1.4732900566794349     
   6.07621336         1.4604126149040062     
   6.07967377         1.4744862614886194     
   6.08313417         1.4615910735810203     
   6.08659458         1.4756470538223585     
   6.09005499         1.4627342797227332     
   6.09351540         1.4767727542781524     
   6.09697580         1.4638425553460530     
   6.10043621         1.4778636862622405     
   6.10389662         1.4649162252163836     
   6.10735703         1.4789201758689283     
   6.11081743         1.4659556167265746     
   6.11427784         1.4799425517591687     
   6.11773825         1.4669610597751552     
   6.12119865         1.4809311450384506     
   6.12465906         1.4679328866438806     
   6.12811947         1.4818862891340279     
   6.13157988         1.4688714318746532     
   6.13504028         1.4828083196715276     
   6.13850069         1.4697770321458348     
   6.14196110         1.4836975743509866     
   6.14542150         1.4706500261480087     
   6.14888191         1.4845543928223435     
   6.15234232         1.4714907544592193     
   6.15580273         1.4853791165604404     
   6.15926313         1.4722995594197410     
   6.16272354         1.4861720887395640     
   6.16618395         1.4730767850064057     
   6.16964436         1.4869336541075768     
   6.17310476         1.4738227767065419     
   6.17656517         1.4876641588596695     
   6.18002558         1.4745378813915586     
   6.18348598         1.4883639505117858     
   6.18694639         1.4752224471902182     
   6.19040680         1.4890333777737550     
   6.19386721         1.4758768233616371     
   6.19732761         1.4896727904221769     
   6.20078802         1.4765013601680648     
   6.20424843         1.4902825391730963     
   6.20770884         1.4770964087474705     
   6.21116924         1.4908629755545169     
   6.21462965         1.4776623209859892     
   6.21809006         1.4914144517787895     
   6.22155046         1.4781994493902628     
   6.22501087         1.4919373206149187     
   6.22847128         1.4787081469597247     
   6.23193169         1.4924319352608311     
   6.23539209         1.4791887670588630     
   6.23885250         1.4928986492156473     
   6.24231291         1.4796416632895082     
   6.24577332         1.4933378161519970     
   6.24923372         1.4800671893631898     
   6.25269413         1.4937497897884229     
   6.25615454         1.4804656989735974     
   6.25961494         1.4941349237619148     
   6.26307535         1.4808375456691945     
   6.26653576         1.4944935715006120     
   6.26999617         1.4811830827260251     
   6.27345657         1.4948260860967220     
   6.27691698         1.4815026630207540     
   6.28037739         1.4951328201796945     
   6.28383780         1.4817966389039832     
   6.28729820         1.4954141257896938     
   6.29075861         1.4820653620738899     
   6.29421902         1.4956703542514076     
   6.29767942         1.4823091834502207     
   6.30113983         1.4959018560482402     
   6.30460024         1.4825284530486917     
   6.30806065         1.4961089806969294     
   6.31152105         1.4827235198558306     
   6.31498146         1.4962920766226251     
   6.31844187         1.4828947317043057     
   6.32190228         1.4964514910344768     
   6.32536268         1.4830424351487808     
   6.32882309         1.4965875698017670     
   6.33228350         1.4831669753423384     
   6.33574390         1.4967006573306356     
   6.33920431         1.4832686959135117     
   6.34266472         1.4967910964414319     
   6.34612513         1.4833479388439708     
   6.34958553         1.4968592282467381     
   6.35304594         1.4834050443468934     
   6.35650635         1.4969053920301028     
   6.35996675         1.4834403507460723     
   6.36342716         1.4969299251255306     
   6.36688757         1.4834541943557915     
   6.37034798         1.4969331627977580     
   6.37380838         1.4834469093615164     
   6.37726879         1.4969154381233651     
   6.38072920         1.4834188277014355     
   6.38418961         1.4968770818727546     
   6.38765001         1.4833702789488910     
   6.39111042         1.4968184223930485     
   6.39457083         1.4833015901957436     
   6.39803123         1.4967397854919284     
   6.40149164         1.4832130859367032     
   6.40495205         1.4966414943224682     
   6.40841246         1.4831050879546703     
   6.41187286         1.4965238692689917     
   6.41533327         1.4829779152071259     
   6.41879368         1.4963872278340020     
   6.42225409         1.4828318837135994     
   6.42571449         1.4962318845262055     
   6.42917490         1.4826673064442673     
   6.43263531         1.4960581507496860     
   6.43609571         1.4824844932097065     
   6.43955612         1.4958663346942500     
   6.44301653         1.4822837505518436     
   6.44647694         1.4956567412269923     
   6.44993734         1.4820653816361447     
   6.45339775         1.4954296717851105     
   6.45685816         1.4818296861450655     
   6.46031857         1.4951854242700091     
   6.46377897         1.4815769601728142     
   6.46723938         1.4949242929427251     
   6.47069979         1.4813074961214521     
   6.47416019         1.4946465683207131     
   6.47762060         1.4810215825983715     
   6.48108101         1.4943525370760231     
   6.48454142         1.4807195043151820     
   6.48800182         1.4940424819349092     
   6.49146223         1.4804015419880461     
   6.49492264         1.4937166815788934     
   6.49838305         1.4800679722394874     
   6.50184345         1.4933754105473296     
   6.50530386         1.4797190675017127     
   6.50876427         1.4930189391414961     
   6.51222467         1.4793550959214821     
   6.51568508         1.4926475333302434     
   6.51914549         1.4789763212665479     
   6.52260590         1.4922614546572379     
   6.52606630         1.4785830028337079     
   6.52952671         1.4918609601498316     
   6.53298712         1.4781753953584951     
   6.53644753         1.4914463022295785     
   6.53990793         1.4777537489265380     
   6.54336834         1.4910177286244453     
   6.54682875         1.4773183088866206     
   6.55028915         1.4905754822827288     
   6.55374956         1.4768693157654704     
   6.55720997         1.4901198012887265     
   6.56067038         1.4764070051843099     
   6.56413078         1.4896509187801676     
   6.56759119         1.4759316077771876     
   6.57105160         1.4891690628674583     
   6.57451200         1.4754433491111314     
   6.57797241         1.4886744565547445     
   6.58143282         1.4749424496081380     
   6.58489323         1.4881673176628376     
   6.58835363         1.4744291244690333     
   6.59181404         1.4876478587540181     
   6.59527445         1.4739035835992296     
   6.59873486         1.4871162870587480     
   6.60219526         1.4733660315363992     
   6.60565567         1.4865728044043138     
   6.60911608         1.4728166673800938     
   6.61257648         1.4860176071454314     
   6.61603689         1.4722556847233372     
   6.61949730         1.4854508860968263     
   6.62295771         1.4716832715862047     
   6.62641811         1.4848728264678213     
   6.62987852         1.4710996103514202     
   6.63333893         1.4842836077989519     
   6.63679934         1.4705048777019940     
   6.64025974         1.4836834039006264     
   6.64372015         1.4698992445609158     
   6.64718056         1.4830723827938590     
   6.65064096         1.4692828760329304     
   6.65410137         1.4824507066530932     
   6.65756178         1.4686559313484120     
   6.66102219         1.4818185317511323     
   6.66448259         1.4680185638093599     
   6.66794300         1.4811760084062056     
   6.67140341         1.4673709207375332     
   6.67486382         1.4805232809311737     
   6.67832422         1.4667131434247411     
   6.68178463         1.4798604875849102     
   6.68524504         1.4660453670853066     
   6.68870544         1.4791877605258537     
   6.69216585         1.4653677208107259     
   6.69562626         1.4785052257677704     
   6.69908667         1.4646803275265285     
   6.70254707         1.4778130031377243     
   6.70600748         1.4639833039513621     
   6.70946789         1.4771112062362806     
   6.71292830         1.4632767605583192     
   6.71638870         1.4763999423999483     
   6.71984911         1.4625608015385037     
   6.72330952         1.4756793126658858     
   6.72676992         1.4618355247668700     
   6.73023033         1.4749494117388735     
   6.73369074         1.4611010217703362     
   6.73715115         1.4742103279605654     
   6.74061155         1.4603573776981820     
   6.74407196         1.4734621432810395     
   6.74753237         1.4596046712947455     
   6.75099277         1.4727049332326478     
   6.75445318         1.4588429748744316     
   6.75791359         1.4719387669061785     
   6.76137400         1.4580723542990348     
   6.76483440         1.4711637069293433     
   6.76829481         1.4572928689573872     
   6.77175522         1.4703798094475924     
   6.77521563         1.4565045717473450     
   6.77867603         1.4695871241072691     
   6.78213644         1.4557075090601130     
   6.78559685         1.4687856940411048     
   6.78905725         1.4549017207669130     
   6.79251766         1.4679755558560701     
   6.79597807         1.4540872402080105     
   6.79943848         1.4671567396235710     
   6.80289888         1.4532640941840971     
   6.80635929         1.4663292688720178     
   6.80981970         1.4524323029500297     
   6.81328011         1.4654931605817432     
   6.81674051         1.4515918802109398     
   6.82020092         1.4646484251822951     
   6.82366133         1.4507428331207062     
   6.82712173         1.4637950665520918     
   6.83058214         1.4498851622827942     
   6.83404255         1.4629330820204498     
   6.83750296         1.4490188617534685     
   6.84096336         1.4620624623719758     
   6.84442377         1.4481439190473688     
   6.84788418         1.4611831918533318     
   6.85134459         1.4472603151454613     
   6.85480499         1.4602952481823623     
   6.85826540         1.4463680245053452     
   6.86172581         1.4593986025595931     
   6.86518621         1.4454670150739355     
   6.86864662         1.4584932196820874     
   6.87210703         1.4445572483024980     
   6.87556744         1.4575790577596623     
   6.87902784         1.4436386791640443     
   6.88248825         1.4566560685334611     
   6.88594866         1.4427112561730799     
   6.88940907         1.4557241972968753     
   6.89286947         1.4417749214076978     
   6.89632988         1.4547833829188073     
   6.89979029         1.4408296105340115     
   6.90325069         1.4538335578692734     
   6.90671110         1.4398752528329226     
   6.91017151         1.4528746482473345     
   6.91363192         1.4389117712292145     
   6.91709232         1.4519065738113490     
   6.92055273         1.4379390823229616     
   6.92401314         1.4509292480115366     
   6.92747355         1.4369570964232468     
   6.93093395         1.4499425780248474     
   6.93439436         1.4359657175841760     
   6.93785477         1.4489464647921186     
   6.94131517         1.4349648436431799     
   6.94477558         1.4479408030575183     
   6.94823599         1.4339543662615892     
   6.95169640         1.4469254814102503     
   6.95515680         1.4329341709674732     
   6.95861721         1.4459003823285221     
   6.96207762         1.4319041372007302     
   6.96553802         1.4448653822257504     
   6.96899843         1.4308641383604044     
   6.97245884         1.4438203514989969     
   6.97591925         1.4298140418542362     
   6.97937965         1.4427651545796170     
   6.98284006         1.4287537091504081     
   6.98630047         1.4416996499861050     
   6.98976088         1.4276829958314832     
   6.99322128         1.4406236903791192     
   6.99668169         1.4266017516505145     
   7.00014210         1.4395371226186764     
   7.00360250         1.4255098205893133     
