           1     1190.6026906073093     
           2     1029.6486651094954     
           3     84.858056524818338     
           4     51.824710865971632     
           5     25.202766922183311     
           6     20.571042196790362     
           7     18.400631738274310     
           8     4.8819847329087436     
           9     8.1921864472985160     
          10     7.1643829609590366     
          11     4.5413445296031760     
          12     28.874918262307922     
          13     10.378700981798113     
          14     6.2680963423464968     
          15     7.0408148095044556     
          16     13.074646974046770     
          17     1.5483180033997064     
          18     18.682125779971798     
          19     13.433750519917286     
          20     26.070227872416371     
          21     16.599030470589071     
          22     12.037040595712906     
          23     14.784910343688079     
          24     19.259134901932441     
          25     28.143916001240495     
          26     10.932356206086840     
          27     17.136692831434107     
          28     19.776190557026215     
          29     17.047048463986268     
          30     11.153647833499532     
          31     9.9776473808274808     
          32     7.3181229199156670     
          33     14.733074569221708     
          34     19.381075521740861     
          35     22.889632639215780     
          36     11.750765974953547     
          37     9.9642154320110006     
          38     14.688290380984306     
          39     12.962376929231178     
          40     9.0874365488882916     
          41     8.9673790526479991     
          42     11.459741449616226     
          43     8.2061524345953547     
          44     13.930835763198232     
          45     7.7360204823049257     
          46     17.486906253613451     
          47     7.0684295284011434     
          48     1.5377247290439706     
          49     5.2302927656782376     
          50     14.808280284303624     
          51     10.521346571932705     
          52     3.5157647585686016     
          53     10.807178570291658     
          54     10.290988635413512     
          55     14.081597824566661     
          56     4.7687154549144974     
          57     4.7380307446114793     
          58     4.0029506583964940     
          59     11.232567574053920     
          60     10.641893754232948     
          61     16.714904989893945     
          62     13.198587979709803     
          63     13.338559737930110     
          64     7.9328258980579056     
          65     6.1258809699313819     
          66     4.5855994096134998     
          67     15.298145535558488     
          68     4.7910212998612547     
          69     20.063851145484499     
          70     16.311507430233043     
          71     25.022511032201791     
          72     10.482567282106732     
          73     17.022658160169364     
          74     7.2460623892916995     
          75     5.3891371893786548     
          76     14.934890928406494     
          77     12.595262472575088     
          78     12.265824416587915     
          79     18.210381021638426     
          80     7.2296605049414664     
          81     10.280773104439966     
          82     11.731745404300680     
          83     12.786799402714401     
          84     1.9889188279060717     
          85     6.0544463363945704     
          86     9.5531391158105290     
          87     8.7472842368522024     
          88     3.5749511889907888     
          89     15.996181485677800     
          90     8.5792505444447293     
          91    0.55987688885025189     
          92     7.7968788150478661     
          93     6.7729357307493228     
          94     6.9023411041155001     
          95     17.102122464767891     
          96     13.835792182334146     
          97     10.861210175569900     
          98     17.752603421845532     
          99     1.5920010934686344     
         100     6.1635372804274855     
         101     18.409157433594778     
         102     5.8956304167599969     
         103     3.6380828902054496     
         104     20.055980883544024     
         105     10.724044364304071     
         106     21.488108441304128     
         107     2.2747466249495041     
         108     14.988413200922345     
         109     11.085968441574410     
         110     11.473140966201514     
         111     4.8204999091425487     
         112     8.5564773939985432     
         113     9.1569658204668194     
         114     10.290248212162167     
         115     20.919751420276402     
         116     18.395454816750735     
         117     5.1141006250848706     
         118     20.777068625483299     
         119     4.9229467131193463     
         120     15.831612797102510     
         121     4.6749075764992005     
         122     17.314255293400645     
         123     7.2249733061604937     
         124     7.3628851630374781     
         125     4.8554894196639351     
         126     17.408601242419245     
         127     11.079327596135178     
         128     13.293589170473156     
         129     6.4449475817204629     
         130     18.085709186849584     
         131     16.101347902493661     
         132     17.143859404753730     
         133     14.481227626910824     
         134     7.6981138690111584     
         135     5.0938260108047908     
         136     4.7078806201940511     
         137     6.7341865908034970     
         138     14.245588761182676     
         139     7.8603907119978755     
         140     6.6147147352242230     
         141     5.9889239201651447     
         142     20.070564082675443     
         143     3.6081535967653235     
         144     14.184851976244742     
         145     19.630613022869369     
         146     15.438024575959929     
         147     12.862697005908743     
         148     10.579037468439013     
         149     14.688092451903760     
         150     13.095698910464753     
         151     6.3434623397694780     
         152     8.9782485001600403     
         153     11.449051120589784     
         154     28.258329528570371     
         155     9.0160610525071760     
         156     17.991213792946017     
         157     7.6065305416540285     
         158     7.6561774459762129     
         159     8.5391823875389559     
         160     3.4935926792888781     
         161     9.8291008117812151     
         162     2.5534711997022721     
         163     22.616777361333121     
         164     14.352995464780436     
         165     26.142304080248874     
         166     15.933154297323396     
         167     10.155635991170289     
         168     9.4340803061484664     
         169     12.596630374578384     
         170     23.307513578944146     
         171     12.711111843965314     
         172     2.9040666829426449     
         173     2.4124006997820868     
         174     11.587810868718453     
         175     14.120518613369514     
         176     19.345893271902128     
         177     11.144264363732308     
         178     22.666034744984813     
         179     4.2499521500056048     
         180     8.8126009673851353     
         181     15.004693197436451     
         182     6.8630122505845765     
         183     10.811958656481409     
         184     13.950036700880711     
         185     7.3572687269208883     
         186     21.529778060607299     
         187     5.4909214976975216     
         188     6.7927024193172949     
         189     16.031431723992405     
         190     10.570182421016936     
         191     13.575054356937146     
         192     6.1991488731504498     
         193     5.0763456178108592     
         194     11.913345002781623     
         195     9.9687959297201623     
         196     13.004423046430299     
         197     4.3567302842153319     
         198     15.382499082661983     
         199     23.220430625221617     
         200     9.3627009861314647     
         201     4.7628583830292195     
         202     6.9988607325990246     
         203     10.376746208916281     
         204     16.598844862472799     
         205     8.5162529575667563     
         206     6.8233837459071758     
         207     13.285495619079173     
         208     9.9175902105013058     
         209     9.3619927979652164     
         210     9.0272223378598468     
         211     4.7904556155834532     
         212     5.6770014200209014     
         213     7.1897787979145678     
         214     9.3373689750129856     
         215     25.168672503348755     
         216     2.7757794518074950     
         217     8.2241840220238771     
         218     11.825529928846837     
         219     12.723082105595489     
         220     10.011588473425377     
         221     10.995306899281740     
         222     6.7435744281321215     
         223     12.065755370938303     
         224     8.2737450889132855     
         225     21.310610013238623     
         226     17.566804173979211     
         227     19.328051152832654     
         228     10.203285855830247     
         229     3.3703427224271350     
         230     17.923568057687213     
         231     3.1536385811894814     
         232     15.199250891984303     
         233     22.509128596590514     
         234     14.505037412955977     
         235     7.3478308111043864     
         236     17.031095932590702     
         237     2.4735987798520300     
         238     14.014089401277419     
         239     17.624268907847330     
         240     5.6587046979546232     
         241     14.621165716248189     
         242     15.604298703376564     
         243     6.1270227977084550     
         244     19.321894374358273     
         245     5.2112169637159758     
         246     11.935514346770862     
         247     11.819145682656497     
         248     10.368085412655375     
         249     15.245286547149274     
         250     13.610851989261993     
         251     8.4408197291951836     
         252     8.0299956212727235     
         253     21.371523489870384     
         254     12.231403030931325     
         255     30.801421103632794     
         256     6.7883469782859667     
         257     1.4787199598141632     
         258     21.272083040209569     
         259     5.3842237264112125     
         260     11.313892829016028     
         261     1.4510272134577256     
         262     3.5908617025559555     
         263     11.841979409057853     
         264     4.7480891806354579     
         265     17.822999795487338     
         266     7.3746608451072957     
         267     7.5992900120161053     
         268     6.5912537639824249     
         269     18.440641612735067     
         270     6.6038506389253397     
         271     10.062685843834574     
         272     13.675893925726953     
         273     11.580473213729270     
         274     6.4130633472852603     
         275     10.200701344428902     
         276     9.5917607695838072     
         277     10.513652966041940     
         278     4.5826436468294842     
         279     2.5762248100658636     
         280     18.639210609820932     
         281     15.471527258604974     
         282     3.1752880300793582     
         283     18.122486988959437     
         284     6.5821576334002101     
         285     12.246024147338357     
         286     7.7450925386898293     
         287     10.690053554060899     
         288     13.685233701788416     
         289     15.958677848364689     
         290     5.0191195591609477     
         291     16.800074643171012     
         292     4.6309353230287567     
         293     7.4282071086058332     
         294     15.708896917006642     
         295     7.6834462719879904     
         296     12.693925344945008     
         297     15.216227099785968     
         298     20.699449447047748     
         299     18.949618981134002     
         300     14.225048425634419     
         301     3.0879704327438482     
         302     7.0681035059708055     
         303     12.185644212669985     
         304     8.6560879394932897     
         305     4.7924850525838840     
         306     14.741109084084794     
         307     7.8006693234243381     
         308     16.515827418664578     
         309     13.881036992763457     
         310     12.127151505628856     
         311     7.3837525525029930     
         312     16.674163005450598     
         313     13.227370037351127     
         314     18.398117011054488     
         315     15.035809203936187     
         316     11.646281946922381     
         317     4.4549503095780949     
         318     12.980583203951714     
         319     18.027787374789835     
         320     16.615099031536289     
         321     10.675245998741897     
         322     12.058236814621596     
         323     15.138935121847382     
         324     8.9777079116259504     
         325     7.1385653506065783     
         326     9.1818955460094234     
         327     16.898944522019569     
         328     12.247057757377696     
         329     9.2345594252723746     
         330     14.497224461490799     
         331     15.183551385740010     
         332     18.272531279513512     
         333     5.7794174622232770     
         334     12.706427511907773     
         335     16.955869802841796     
         336     9.4053669743618240     
         337     8.4881199969252954     
         338     9.7380445199102450     
         339    0.33821792369618731     
         340     14.005571379829210     
         341     18.369816071514375     
         342     9.5533802899040001     
         343     8.3686871551526227     
         344     13.686974087793256     
         345     8.7577809210860398     
         346     13.682061972506439     
         347     10.336358992245785     
         348     11.703407228182956     
         349     11.356488253225852     
         350     6.0349680975032323     
         351     21.883441666102975     
         352     19.103208207226889     
         353     13.051876207976479     
         354     12.926916475485223     
         355     4.5635050326382327     
         356     11.449852800675327     
         357     8.4394811775215661     
         358     12.261130545056854     
         359     15.827501054847211     
         360     7.5281797622232149     
         361     4.9365565111909193     
         362     3.9999018667750459     
         363     8.9105547017343145     
         364     17.730028896558938     
         365     12.021304073977507     
         366     5.0280860209098366     
         367     8.2849781191010639     
         368     11.971249877897607     
         369     14.212380644733411     
         370     15.551859696101225     
         371     5.6122106055632628     
         372     2.3516407058767914     
         373     10.411251809972180     
         374     16.145857609002444     
         375     9.6977416541265118     
         376     23.211193350097940     
         377     14.149951413642700     
         378     8.7254353930708977     
         379     8.3171232547573624     
         380     17.251140807306324     
         381     9.4109972261420065     
         382     11.918887081623719     
         383     7.2089160151082714     
         384     8.8321775764509525     
         385     2.3222736410004012     
         386     20.789260496915873     
         387     13.587698731114338     
         388     10.618764128718087     
         389     6.5218598133560670     
         390     6.1557638884224621     
         391     15.274317819348123     
         392     18.019486856633026     
         393     15.481651307665492     
         394     16.007182811108315     
         395     14.990543397498662     
         396     11.884619168874934     
         397     3.8642179892021709     
         398     13.272246159128990     
         399     10.636304800513891     
         400     11.352388606887525     
         401     18.202385501546818     
         402     19.612797638473197     
         403     9.6023401133359183     
         404     8.1984507990991009     
         405     7.8947036608096353     
         406     8.3109369223666310     
         407     17.255185075654484     
         408     7.4183044353056449     
         409     16.520616321113835     
         410     9.7888277853219812     
         411     9.0754687908682588     
         412     10.966467858541439     
         413     11.670924835538015     
         414     16.421779551664908     
         415     8.6800327459397906     
         416     11.223957603627433     
         417     12.239605759537927     
         418     4.4149146459390955     
         419     9.3002291867906521     
         420     21.849820346161685     
         421     17.833954565415766     
         422     23.510985778361754     
         423     17.121715517467198     
         424     8.8891258233230168     
         425     13.744781198245784     
         426     6.5548647242626483     
         427     9.0999111393729706     
         428     6.4991962778935921     
         429     6.3139638950476673     
         430     31.213130681776729     
         431     10.579624184449603     
         432     20.290947132936971     
         433     9.0752207271309100     
         434     15.385212729477812     
         435     15.959688234470825     
         436     8.6194432485964469     
         437     19.129244707297335     
         438     22.858398700842596     
         439     6.1675833419211852     
         440     9.1636818107746230     
         441     13.627477202168095     
         442     31.055288419622542     
         443     12.504765479872651     
         444     8.9226148517555028     
         445     11.044636996317722     
         446     6.9352014265930118     
         447     11.108524972939440     
         448     10.283809858427043     
         449     23.613603053931179     
         450     17.518567271611175     
         451     3.4139080605001597     
         452     5.0015570407552215     
         453     16.282014524699715     
         454     3.7393102518467578     
         455     8.1463189475843141     
         456     6.6459637040259203     
         457     14.414911353070737     
         458     6.1610181599830041     
         459     16.809939438698173     
         460     8.5874543612782066     
         461     30.216759731486498     
         462     10.355480583562397     
         463     7.2069817302747934     
         464     6.5500645244528535     
         465     17.255921663683122     
         466     13.037104036397439     
         467     8.7007926811314249     
         468     10.852258376124464     
         469     7.0338844983423678     
         470    0.73849560412400395     
         471     7.5269624136488433     
         472     22.644513053220923     
         473     21.066875907557289     
         474     16.103211955173752     
         475     12.041982946351835     
         476     6.9353968946533886     
         477     12.608853841314268     
         478     8.9681173875918319     
         479     6.2621249880633210     
         480     9.9972686297307671     
         481     19.658841747972897     
         482     2.8933167356803282     
         483     8.6168919806691324     
         484     15.427850930662991     
         485     4.8508983883605588     
         486     5.8132267093005483     
         487     19.578176383234101     
         488     8.9236745389369485     
         489     6.5689218718318001     
         490     9.2252411921416915     
         491     4.6594958864648834     
         492     6.5372800083279525     
         493     20.785045404911433     
         494     3.8741127350259177     
         495     12.559919325266181     
         496     17.524766666591390     
         497     7.3046127033710198     
         498     11.541106931524356     
         499     11.412761718649712     
         500     10.091452867121422     
         501     12.555833021265796     
         502     15.369475800224730     
         503     11.094566730298178     
         504     18.143751495620378     
         505     31.105156776030743     
         506     20.621879154864793     
         507     5.4090626828567157     
         508     8.1601100341879960     
         509     6.5038591190001327     
         510     5.9201147461139723     
         511     8.7120000176108086     
         512     3.8414444866128603     
         513     13.728960472262145     
         514     9.8620853607955699     
         515     16.214516003567368     
         516     2.7041477982413533     
         517     18.201714852329541     
         518     18.264570089332270     
         519     6.9979681552750543     
         520     15.785079923375712     
         521     10.209300763809855     
         522     19.734997264087283     
         523     11.003672628082885     
         524     11.652253883575980     
         525     9.1983108786969296     
         526     9.1850796550768106     
         527     9.5471268852867421     
         528     21.117348337953008     
         529     20.152035839406544     
         530     4.3353840628483331     
         531     21.798848824913101     
         532     23.711397056274841     
         533     6.0948353502341845     
         534     8.2378263683993058     
         535     25.801837956315815     
         536     10.370395268956566     
         537     6.1672118098641979     
         538     1.5506822122049839     
         539     4.0901153148994212     
         540     6.3022334833540201     
         541     11.345124585628213     
         542     6.2041093018392521     
         543     5.7612419088008071     
         544     13.224730327205377     
         545     25.874439423682208     
         546     9.4922413600242237     
         547     8.1240692145730176     
         548     25.301140754449744     
         549     4.4525157367370412     
         550     7.7822574249324754     
         551     6.0717586850893950     
         552     11.602544772328789     
         553     10.122871732436098     
         554     10.964292310406455     
         555     8.0493760587356853     
         556     22.042579967521391     
         557     13.881482420418479     
         558     8.8480808261575490     
         559     19.217413599504169     
         560     17.197960606327939     
         561     2.8866275124424567     
         562     13.804123081960341     
         563     21.673222057572531     
         564     15.030234953397301     
         565     20.292688307524422     
         566     8.4767336350413718     
         567     10.433432229059610     
         568     14.637514566782938     
         569     10.951796159042571     
         570     19.654705885571467     
         571     9.9541286804743958     
         572     6.2989147384601933     
         573     14.732566687101041     
         574     19.463100272091946     
         575     1.7397983341427963     
         576     9.8906823818880341     
         577     11.785562934594614     
         578     14.793435280809279     
         579     14.177695526422040     
         580     7.3322290708799622     
         581     23.745426132995334     
         582     1.6263213694690879     
         583     20.719652128828141     
         584     15.287859111411050     
         585     10.071893993925594     
         586     5.7230365846337952     
         587     5.9195876217961114     
         588     7.3659265018738855     
         589     6.0460777642799837     
         590     14.804018099154506     
         591     22.819737511049535     
         592     21.419199260153221     
         593     10.868337465582044     
         594     14.008398482208461     
         595    0.89494867702673120     
         596     18.711280470765928     
         597     24.098258015432645     
         598     8.4318210577773858     
         599     19.909701893510324     
         600     9.8422204442896302     
         601     13.661116759506834     
         602     11.716286278941835     
         603     20.100059121390078     
         604     6.8430878091136860     
         605     20.624035908705348     
         606     7.8540826697419357     
         607     5.3262141724792063     
         608     11.779783620145423     
         609     16.946537893875295     
         610     20.513784090730656     
         611     15.964547113343626     
         612     4.7971018746211991     
         613     13.152970901223741     
         614     5.9317304824293382     
         615     20.508788667891686     
         616     2.9903272561389245     
         617     7.7614594994015613     
         618     5.1838385222795145     
         619     12.482990820576559     
         620     11.566651614160685     
         621     19.448460032458154     
         622     17.952439761946522     
         623     18.281545095604347     
         624     7.9293422096143491     
         625     15.416134183273229     
         626     8.6376578592189919     
         627     16.591049339627567     
         628     7.6036356363529842     
         629     13.115256312755562     
         630     6.4803120901758273     
         631     15.039528776101518     
         632     8.7627588196548505     
         633     15.426944863601216     
         634     19.817252270745904     
         635     18.942882753196542     
         636     2.9540237740463384     
         637     19.330709949013691     
         638     11.901784220169787     
         639     9.6691277853442354     
         640     8.5507868331885959     
         641     13.445095888896615     
         642     6.1929644462858660     
         643     4.2473564350909285     
         644     12.042213631770014     
         645     6.7915877798148188     
         646     11.273649975534875     
         647     12.807282076444988     
         648     11.804090240619631     
         649     8.3822493661681516     
         650     17.699832073376580     
         651     5.9488123731600240     
         652     7.7893648080024498     
         653     5.8891503691170257     
         654     2.3089338156785670     
         655     15.226459500915832     
         656     3.1397696986105168     
         657     9.6235332006978851     
         658     16.703227506148167     
         659     15.102852657845517     
         660     12.058716976640984     
         661     17.892138516325595     
         662     19.938427548098325     
         663     10.538494728792429     
         664     5.9800767211229502     
         665     11.488494391750809     
         666     14.713974017625059     
         667     14.161980172049786     
         668     12.989785937374613     
         669     9.5243227859906021     
         670     10.698673175642167     
         671     2.5972341237872745     
         672     13.054405377463695     
         673     4.0432922991488605     
         674     21.719979456520857     
         675     13.513480781006232     
         676     5.0916377529051990     
         677     10.251122870773823     
         678     21.709034800078687     
         679     12.424596204063473     
         680     13.597290161060000     
         681     4.7118656052696517     
         682     19.947290466245786     
         683     12.056300991051994     
         684     17.347217141204435     
         685     8.3171036446285118     
         686     6.6533269291383839     
         687     11.488865530645249     
         688     9.5110169327676566     
         689     1.0303815218191381     
         690     13.990670158276036     
         691     11.578047729885729     
         692     12.282009308688789     
         693     15.394878690153227     
         694     8.7192138015445835     
         695     11.613479470638021     
         696     12.894366164725401     
         697     20.374373540568946     
         698     8.5988446382452555     
         699     8.1161813411840527     
         700     1.9234480655702084     
         701     11.049798762981629     
         702     20.934149676867452     
         703     1.7520997588842060     
         704     2.9560805938317842     
         705     13.983622770731365     
         706     17.902648464907241     
         707     10.537240748114444     
         708     4.3111230249268795     
         709     18.642441721613181     
         710     15.467258295603456     
         711     7.4646446851581532     
         712     12.897112646167260     
         713     4.3688447430484123     
         714     6.5740453712918798     
         715     21.329564452067032     
         716     16.637759970492713     
         717     11.385082930942813     
         718     9.1013610233824789     
         719     13.742452546176107     
         720     8.0914106399193226     
         721     19.461741695117418     
         722     8.8945027018755916     
         723     10.713580598391594     
         724     13.660807696037489     
         725     5.0674349443532547     
         726     4.7310219248623318     
         727     12.497126367386763     
         728     15.728900252836659     
         729     9.3000528106036331     
         730     13.909734523675759     
         731     14.015038240154388     
         732     22.219361898634236     
         733     12.690004487341270     
         734     15.045714984870283     
         735     2.3415966201461531     
         736     3.4265508783863279     
         737     5.3462351075275452     
         738     5.1322688305375541     
         739     13.777962030312310     
         740     9.1406641097877390     
         741     9.4404458390151600     
         742     25.762398064484515     
         743     4.5182352837238282     
         744     17.268688618247154     
         745     18.619038103859140     
         746     19.562598623396674     
         747     14.220946186389703     
         748     8.9339628671654214     
         749     4.2527063798326621     
         750     9.9551015975541173     
         751     11.312548842792113     
         752     12.862892193638491     
         753     2.5795293185905281     
         754     14.071831818281442     
         755     15.458966626813728     
         756     18.685531870826747     
         757     4.5497334956968354     
         758     6.2846486173385658     
         759     11.647649386452942     
         760     12.926513044314060     
         761     7.4123025905804747     
         762     5.8151338292083725     
         763     4.8246433431778364     
         764     15.796706317044105     
         765     3.1943247220031403     
         766     14.513742592507777     
         767     4.5085811284233372     
         768     9.1958021175356457     
         769     6.0690093202706752     
         770     8.5159883799210832     
         771     7.4739186812979534     
         772     4.5767171726926668     
         773     11.767271844363536     
         774     14.503368935347334     
         775     5.0183708220832930     
         776     6.3904840634811411     
         777     5.2973730274766346     
         778     13.152001037167150     
         779     19.397219893994233     
         780     26.627345525961456     
         781     4.6312494459819629     
         782     5.9386006058423879     
         783     12.525670710005816     
         784     6.3866363010019516     
         785     10.589020129512464     
         786     6.0228918744240927     
         787     5.1090861393489950     
         788     9.5832925477413280     
         789     13.220300783353784     
         790     10.312076572005596     
         791     20.720741584836574     
         792     9.2581534170126876     
         793     12.301030393460522     
         794     9.9425146597213274     
         795     11.832305952394426     
         796     14.428458438988329     
         797     4.4087463069013539     
         798     8.1792076726980980     
         799    0.98833800007510031     
         800     8.0753028335442369     
         801     7.8814474536255297     
         802     5.7414312345503404     
         803     10.315287688513688     
         804     7.2572108118376839     
         805     5.5989380091111105     
         806     12.309360269931807     
         807     14.097275837065146     
         808     4.6357135867941777     
         809     11.530599505511486     
         810     7.6229341616006021     
         811     11.085552996220997     
         812     7.1405373248496158     
         813     7.8160004596339787     
         814     6.2286516608989082     
         815     8.6900902864347476     
         816     14.665712882531587     
         817     3.4430652970513069     
         818     7.4387255536351145     
         819     12.055214460473216     
         820     14.297666740763736     
         821     8.2961150029267241     
         822     9.6255737804235597     
         823     5.6063901034117611     
         824     7.2774572396892880     
         825     14.500252294212933     
         826     14.715488305875233     
         827     4.5582778093291907     
         828     27.480501528199007     
         829     5.0491752248009591     
         830     4.0514164286452337     
         831     6.6353041977808926     
         832     15.462563077407694     
         833     16.449444929707219     
         834     4.9218309740646111     
         835     10.744669675048835     
         836     12.827955835543468     
         837     11.702271581260066     
         838     8.1655527493363635     
         839     5.5562228810244525     
         840     7.8050504949100716     
         841     7.8906504849860069     
         842     4.5153637490519118     
         843     6.2347053238317853     
         844     14.772202302690832     
         845     9.5809981903885220     
         846     10.702407096828685     
         847     6.8601491799572756     
         848     12.063100665424260     
         849     2.4067698912221758     
         850     3.6676938999134414     
         851     16.583814625214611     
         852     21.852107889614775     
         853     15.491627184853035     
         854     7.7791366526381553     
         855     15.744766136290103     
         856     6.9703154022361078     
         857     18.470353203628704     
         858     11.464039938264776     
         859     19.622149989727973     
         860     17.914503579977016     
         861     11.778126107242318     
         862     14.015145540638070     
         863     21.504090573703348     
         864     5.9874683353360965     
         865     9.7326055600029697     
         866     17.193533400245830     
         867     25.311245793253924     
         868     22.234945056982056     
         869     8.5035333193582865     
         870     8.2129814099865079     
         871     5.6006394216158784     
         872     5.6066624904787119     
         873     7.0845785551508111     
         874     23.489291743850590     
         875     2.9973240483322101     
         876     2.0772956357317494     
         877     13.182328391915705     
         878     15.026420477018171     
         879     12.322324403599232     
         880     9.6625225049698127     
         881     7.1324699695580112     
         882     4.9747641305769505     
         883     10.000605603496618     
         884     10.729843998203577     
         885     28.964015325879441     
         886     7.5111932369844885     
         887     10.838158918777550     
         888     2.4718627746359285     
         889     12.234820576724280     
         890     10.757849630366374     
         891     16.424076603064844     
         892     1.7283962830559314     
         893     20.330908722330857     
         894     9.5853254800232630     
         895     6.7359236362577564     
         896     10.271954229362299     
         897     7.4247399092490687     
         898     9.5286896233633627     
         899     20.451546600272895     
         900     11.567722121011464     
         901     15.593571329468032     
         902     7.9323589365109166     
         903     9.4571758524610896     
         904     7.2481991411002546     
         905     19.884059282564369     
         906     12.973206915123294     
         907     10.928929370906419     
         908     5.8044333489776374     
         909     13.178295348517899     
         910     11.872219838038136     
         911     20.530339590103218     
         912     10.202826936857111     
         913     24.384991158790722     
         914     6.5650590008560847     
         915     13.394831143389860     
         916     6.4527883390884391     
         917     18.384291368045293     
         918     5.8827384179335063     
         919     12.514174172562829     
         920     27.719439163075133     
         921     18.063405400796821     
         922     17.035638852063087     
         923     11.416072027476217     
         924     19.473216104830193     
         925     16.570054539224380     
         926     29.368568852528245     
         927     14.244481614851477     
         928     5.5951498424613648     
         929     2.0315284716151516     
         930     7.6413621672781256     
         931     14.087236377141560     
         932     14.647798630773515     
         933     20.733280778452468     
         934     9.7564498037448875     
         935     15.345553499538324     
         936     16.885749294681162     
         937     15.632729014126841     
         938     15.209684395922745     
         939     18.328772702768269     
         940     2.2111902654729994     
         941     10.980910162789876     
         942     14.745787026265985     
         943     12.738951891065055     
         944     12.102529042398526     
         945     6.6036457202143346     
         946     20.236268781133749     
         947     7.8458090742757314     
         948     9.8096811898717835     
         949     5.5334501559385050     
         950     8.3020973750525187     
         951     15.823641509765434     
         952     5.2084340572504590     
         953     14.164406463926957     
         954     17.471949898395984     
         955     9.2047392935645007     
         956     11.284499051121536     
         957     5.5445020411643648     
         958     6.3176588867751251     
         959     7.7402518908932727     
         960     8.4966005982461681     
         961     8.2864116875075311     
         962     23.657727609148882     
         963     7.5348264557520741     
         964     5.0773802753553454     
         965     12.335215481219990     
         966     19.675577100506999     
         967     12.296580855734501     
         968     12.291747093698161     
         969     4.4290046235163487     
         970     6.6597850215105341     
         971     16.477303297073192     
         972     25.209271660208682     
         973     10.284902718056367     
         974     10.128849061511742     
         975     10.957229105973516     
         976     3.6433724554094602     
         977     15.053482687369934     
         978     7.7996934491740815     
         979     9.7965178327792657     
         980     7.1818520881947956     
         981     14.857834975912700     
         982     24.847286223882470     
         983     10.268125816701374     
         984     14.745452663136252     
         985     6.0083193959110837     
         986     12.507877508419771     
         987     16.761262408471964     
         988     24.516001288347965     
         989     3.1576385266560578     
         990     7.6462158429209142     
         991     23.423770165785434     
         992     13.000248789187232     
         993     8.9300110429291379     
         994     8.5129136065174063     
         995     7.0637227279829151     
         996     11.046575394919126     
         997     5.7540754564320720     
         998     7.1437372809943591     
         999     2.6441878096180447     
        1000     4.5538061348533594     
        1001     6.8875634222261652     
        1002     17.210335850128921     
        1003     15.913409396065406     
        1004     10.327418191600392     
        1005     14.880373216080921     
        1006     8.6881029303219002     
        1007     7.3948587063456195     
        1008     26.152672757203618     
        1009     9.5325725276245805     
        1010     1.6462049349545143     
        1011     6.2959056700645633     
        1012     13.518307837167287     
        1013     13.641750551760197     
