  3.4602077E-03    0.999994039535522     
  6.9204154E-03    0.999976038932800     
  1.0380623E-02    0.999946117401123     
  1.3840831E-02    0.999904215335846     
  1.7301038E-02    0.999850332736969     
  2.0761246E-02    0.999784469604492     
  2.4221454E-02    0.999706685543060     
  2.7681662E-02    0.999616861343384     
  3.1141870E-02    0.999515116214752     
  3.4602076E-02    0.999401390552521     
  3.8062282E-02    0.999275743961334     
  4.1522488E-02    0.999138057231903     
  4.4982694E-02    0.998988449573517     
  4.8442900E-02    0.998826861381531     
  5.1903106E-02    0.998653352260590     
  5.5363312E-02    0.998467862606049     
  5.8823518E-02    0.998270392417908     
  6.2283725E-02    0.998061001300812     
  6.5743931E-02    0.997839629650116     
  6.9204137E-02    0.997606337070465     
  7.2664343E-02    0.997361123561859     
  7.6124549E-02    0.997103929519653     
  7.9584755E-02    0.996834814548492     
  8.3044961E-02    0.996553719043732     
  8.6505167E-02    0.996260762214661     
  8.9965373E-02    0.995955824851990     
  9.3425579E-02    0.995639026165009     
  9.6885785E-02    0.995310246944427     
  0.1003460        0.994969546794891     
  0.1038062        0.994616985321045     
  0.1072664        0.994252502918243     
  0.1107266        0.993876039981842     
  0.1141868        0.993487775325775     
  0.1176470        0.993087589740753     
  0.1211072        0.992675483226776     
  0.1245674        0.992251515388489     
  0.1280276        0.991815626621246     
  0.1314879        0.991367936134338     
  0.1349481        0.990908324718475     
  0.1384083        0.990436851978302     
  0.1418685        0.989953517913818     
  0.1453287        0.989458382129669     
  0.1487889        0.988951325416565     
  0.1522491        0.988432466983795     
  0.1557094        0.987901747226715     
  0.1591696        0.987359225749969     
  0.1626298        0.986804902553558     
  0.1660900        0.986238718032837     
  0.1695502        0.985660791397095     
  0.1730104        0.985071003437042     
  0.1764706        0.984469413757324     
  0.1799309        0.983856081962585     
  0.1833911        0.983230948448181     
  0.1868513        0.982594013214111     
  0.1903115        0.981945335865021     
  0.1937717        0.981284916400909     
  0.1972319        0.980612754821777     
  0.2006921        0.979928851127625     
  0.2041523        0.979233205318451     
  0.2076126        0.978525817394257     
  0.2110728        0.977806746959686     
  0.2145330        0.977075934410095     
  0.2179932        0.976333439350128     
  0.2214534        0.975579261779785     
  0.2249136        0.974813401699066     
  0.2283738        0.974035859107971     
  0.2318341        0.973246634006500     
  0.2352943        0.972445785999298     
  0.2387545        0.971633255481720     
  0.2422147        0.970809161663055     
  0.2456749        0.969973385334015     
  0.2491351        0.969126045703888     
  0.2525953        0.968267083168030     
  0.2560555        0.967396497726440     
  0.2595157        0.966514348983765     
  0.2629759        0.965620636940002     
  0.2664361        0.964715361595154     
  0.2698963        0.963798522949219     
  0.2733565        0.962870180606842     
  0.2768167        0.961930274963379     
  0.2802769        0.960978865623474     
  0.2837371        0.960015952587128     
  0.2871973        0.959041535854340     
  0.2906575        0.958055675029755     
  0.2941177        0.957058310508728     
  0.2975779        0.956049442291260     
  0.3010381        0.955029189586639     
  0.3044983        0.953997492790222     
  0.3079585        0.952954351902008     
  0.3114187        0.951899826526642     
  0.3148789        0.950833916664124     
  0.3183391        0.949756562709808     
  0.3217993        0.948667883872986     
  0.3252595        0.947567820549011     
  0.3287197        0.946456432342529     
  0.3321799        0.945333719253540     
  0.3356401        0.944199681282043     
  0.3391003        0.943054318428040     
  0.3425605        0.941897690296173     
  0.3460207        0.940729737281799     
  0.3494809        0.939550578594208     
  0.3529411        0.938360154628754     
  0.3564013        0.937158465385437     
  0.3598615        0.935945630073547     
  0.3633217        0.934721529483795     
  0.3667819        0.933486223220825     
  0.3702421        0.932239770889282     
  0.3737023        0.930982172489166     
  0.3771625        0.929713368415833     
  0.3806227        0.928433477878571     
  0.3840829        0.927142500877380     
  0.3875431        0.925840377807617     
  0.3910033        0.924527168273926     
  0.3944635        0.923202872276306     
  0.3979237        0.921867549419403     
  0.4013839        0.920521199703217     
  0.4048441        0.919163823127747     
  0.4083043        0.917795419692993     
  0.4117645        0.916416049003601     
  0.4152247        0.915025711059570     
  0.4186849        0.913624405860901     
  0.4221451        0.912212193012238     
  0.4256053        0.910789012908936     
  0.4290655        0.909354925155640     
  0.4325257        0.907909989356995     
  0.4359859        0.906454145908356     
  0.4394461        0.904987454414368     
  0.4429063        0.903509974479675     
  0.4463665        0.902021646499634     
  0.4498267        0.900522470474243     
  0.4532869        0.899012565612793     
  0.4567471        0.897491872310638     
  0.4602073        0.895960450172424     
  0.4636675        0.894418299198151     
  0.4671277        0.892865478992462     
  0.4705878        0.891301929950714     
  0.4740480        0.889727711677551     
  0.4775082        0.888142824172974     
  0.4809684        0.886547327041626     
  0.4844286        0.884941160678864     
  0.4878888        0.883324444293976     
  0.4913490        0.881697177886963     
  0.4948092        0.880059301853180     
  0.4982694        0.878410935401917     
  0.5017297        0.876752018928528     
  0.5051899        0.875082612037659     
  0.5086501        0.873402714729309     
  0.5121104        0.871712327003479     
  0.5155706        0.870011568069458     
  0.5190308        0.868300318717957     
  0.5224910        0.866578757762909     
  0.5259513        0.864846765995026     
  0.5294115        0.863104403018951     
  0.5328717        0.861351788043976     
  0.5363320        0.859588801860809     
  0.5397922        0.857815504074097     
  0.5432524        0.856031954288483     
  0.5467126        0.854238152503967     
  0.5501729        0.852434158325195     
  0.5536331        0.850619912147522     
  0.5570933        0.848795533180237     
  0.5605536        0.846960961818695     
  0.5640138        0.845116198062897     
  0.5674740        0.843261420726776     
  0.5709342        0.841396450996399     
  0.5743945        0.839521467685699     
  0.5778547        0.837636411190033     
  0.5813149        0.835741341114044     
  0.5847751        0.833836197853088     
  0.5882354        0.831921160221100     
  0.5916956        0.829996109008789     
  0.5951558        0.828061163425446     
  0.5986161        0.826116263866425     
  0.6020763        0.824161469936371     
  0.6055365        0.822196841239929     
  0.6089967        0.820222318172455     
  0.6124570        0.818238019943237     
  0.6159172        0.816243886947632     
  0.6193774        0.814240038394928     
  0.6228377        0.812226414680481     
  0.6262979        0.810203015804291     
  0.6297581        0.808169960975647     
  0.6332183        0.806127250194550     
  0.6366786        0.804074883460999     
  0.6401388        0.802012860774994     
  0.6435990        0.799941241741180     
  0.6470593        0.797860026359558     
  0.6505195        0.795769274234772     
  0.6539797        0.793669044971466     
  0.6574399        0.791559278964996     
  0.6609002        0.789439976215363     
  0.6643604        0.787311315536499     
  0.6678206        0.785173177719116     
  0.6712809        0.783025622367859     
  0.6747411        0.780868709087372     
  0.6782013        0.778702437877655     
  0.6816615        0.776526868343353     
  0.6851218        0.774342000484467     
  0.6885820        0.772147834300995     
  0.6920422        0.769944429397583     
  0.6955025        0.767731845378876     
  0.6989627        0.765510022640228     
  0.7024229        0.763279080390930     
  0.7058831        0.761038959026337     
  0.7093434        0.758789718151093     
  0.7128036        0.756531417369843     
  0.7162638        0.754264056682587     
  0.7197241        0.751987636089325     
  0.7231843        0.749702274799347     
  0.7266445        0.747407853603363     
  0.7301047        0.745104551315308     
  0.7335650        0.742792308330536     
  0.7370252        0.740471184253693     
  0.7404854        0.738141179084778     
  0.7439457        0.735802292823792     
  0.7474059        0.733454644680023     
  0.7508661        0.731098234653473     
  0.7543263        0.728733003139496     
  0.7577866        0.726359128952026     
  0.7612468        0.723976492881775     
  0.7647070        0.721585214138031     
  0.7681673        0.719185292720795     
  0.7716275        0.716776788234711     
  0.7750877        0.714359641075134     
  0.7785479        0.711933970451355     
  0.7820082        0.709499776363373     
  0.7854684        0.707057118415833     
  0.7889286        0.704605937004089     
  0.7923889        0.702146351337433     
  0.7958491        0.699678361415863     
  0.7993093        0.697202026844025     
  0.8027695        0.694717288017273     
  0.8062298        0.692224264144897     
  0.8096900        0.689722955226898     
  0.8131502        0.687213361263275     
  0.8166105        0.684695541858673     
  0.8200707        0.682169497013092     
  0.8235309        0.679635345935822     
  0.8269911        0.677093029022217     
  0.8304514        0.674542605876923     
  0.8339116        0.671984136104584     
  0.8373718        0.669417560100555     
  0.8408321        0.666842997074127     
  0.8442923        0.664260447025299     
  0.8477525        0.661669969558716     
  0.8512127        0.659071564674377     
  0.8546730        0.656465232372284     
  0.8581332        0.653851091861725     
  0.8615934        0.651229083538055     
  0.8650537        0.648599267005920     
  0.8685139        0.645961701869965     
  0.8719741        0.643316447734833     
  0.8754343        0.640663444995880     
  0.8788946        0.638002753257751     
  0.8823548        0.635334432125092     
  0.8858150        0.632658541202545     
  0.8892753        0.629975020885468     
  0.8927355        0.627283990383148     
  0.8961957        0.624585449695587     
  0.8996559        0.621879458427429     
  0.9031162        0.619165956974030     
  0.9065764        0.616445124149323     
  0.9100366        0.613716840744019     
  0.9134969        0.610981225967407     
  0.9169571        0.608238279819489     
  0.9204173        0.605488121509552     
  0.9238775        0.602730631828308     
  0.9273378        0.599965989589691     
  0.9307980        0.597194075584412     
  0.9342582        0.594415068626404     
  0.9377185        0.591628968715668     
  0.9411787        0.588835775852203     
  0.9446389        0.586035490036011     
  0.9480991        0.583228230476379     
  0.9515594        0.580413997173309     
  0.9550196        0.577592790126801     
  0.9584798        0.574764668941498     
  0.9619401        0.571929633617401     
  0.9654003        0.569087803363800     
  0.9688605        0.566239118576050     
  0.9723207        0.563383698463440     
  0.9757810        0.560521483421326     
  0.9792412        0.557652592658997     
  0.9827014        0.554776966571808     
  0.9861616        0.551894783973694     
  0.9896219        0.549005925655365     
  0.9930821        0.546110510826111     
  0.9965423        0.543208599090576     
   1.000003        0.540300190448761     
   1.003463        0.537385344505310     
   1.006923        0.534464061260223     
   1.010383        0.531536340713501     
   1.013843        0.528602302074432     
   1.017303        0.525661885738373     
   1.020764        0.522715210914612     
   1.024224        0.519762277603149     
   1.027684        0.516803085803986     
   1.031144        0.513837754726410     
   1.034604        0.510866224765778     
   1.038064        0.507888615131378     
   1.041525        0.504904925823212     
   1.044985        0.501915156841278     
   1.048445        0.498919397592545     
   1.051905        0.495917677879333     
   1.055365        0.492909997701645     
   1.058825        0.489896446466446     
   1.062286        0.486876994371414     
   1.065746        0.483851730823517     
   1.069206        0.480820685625076     
   1.072666        0.477783858776093     
   1.076126        0.474741339683533     
   1.079586        0.471693098545074     
   1.083047        0.468639254570007     
   1.086507        0.465579777956009     
   1.089967        0.462514728307724     
   1.093427        0.459444135427475     
   1.096887        0.456368029117584     
   1.100347        0.453286498785019     
   1.103808        0.450199514627457     
   1.107268        0.447107136249542     
   1.110728        0.444009423255920     
   1.114188        0.440906375646591     
   1.117648        0.437798053026199     
   1.121108        0.434684485197067     
   1.124569        0.431565731763840     
   1.128029        0.428441792726517     
   1.131489        0.425312727689743     
   1.134949        0.422178596258163     
   1.138409        0.419039368629456     
   1.141869        0.415895164012909     
   1.145330        0.412745952606201     
   1.148790        0.409591794013977     
   1.152250        0.406432747840881     
   1.155710        0.403268843889236     
   1.159170        0.400100082159042     
   1.162630        0.396926552057266     
   1.166091        0.393748283386230     
   1.169551        0.390565276145935     
   1.173011        0.387377589941025     
   1.176471        0.384185284376144     
   1.179931        0.380988359451294     
   1.183391        0.377786874771118     
   1.186852        0.374580889940262     
   1.190312        0.371370404958725     
   1.193772        0.368155479431152     
   1.197232        0.364936143159866     
   1.200692        0.361712425947189     
   1.204152        0.358484387397766     
   1.207613        0.355252057313919     
   1.211073        0.352015465497971     
   1.214533        0.348774671554565     
   1.217993        0.345529705286026     
   1.221453        0.342280596494675     
   1.224913        0.339027374982834     
   1.228374        0.335770100355148     
   1.231834        0.332508802413940     
   1.235294        0.329243540763855     
   1.238754        0.325974345207214     
   1.242214        0.322701215744019     
   1.245674        0.319424241781235     
   1.249135        0.316143453121185     
   1.252595        0.312858849763870     
   1.256055        0.309570521116257     
   1.259515        0.306278467178345     
   1.262975        0.302982777357101     
   1.266436        0.299683421850204     
   1.269896        0.296380519866943     
   1.273356        0.293074041604996     
   1.276816        0.289764076471329     
   1.280276        0.286450624465942     
   1.283736        0.283133745193481     
   1.287197        0.279813468456268     
   1.290657        0.276489853858948     
   1.294117        0.273162931203842     
   1.297577        0.269832730293274     
   1.301037        0.266499280929565     
   1.304497        0.263162672519684     
   1.307958        0.259822905063629     
   1.311418        0.256480008363724     
   1.314878        0.253134071826935     
   1.318338        0.249785080552101     
   1.321798        0.246433109045029     
   1.325258        0.243078172206879     
   1.328719        0.239720344543457     
   1.332179        0.236359640955925     
   1.335639        0.232996106147766     
   1.339099        0.229629769921303     
   1.342559        0.226260706782341     
   1.346019        0.222888916730881     
   1.349480        0.219514459371567     
   1.352940        0.216137379407883     
   1.356400        0.212757721543312     
   1.359860        0.209375500679016     
   1.363320        0.205990776419640     
   1.366780        0.202603593468666     
   1.370241        0.199213981628418     
   1.373701        0.195821985602379     
   1.377161        0.192427635192871     
   1.380621        0.189030990004539     
   1.384081        0.185632079839706     
   1.387541        0.182230949401855     
   1.391002        0.178827628493309     
   1.394462        0.175422176718712     
   1.397922        0.172014623880386     
   1.401382        0.168604999780655     
   1.404842        0.165193364024162     
   1.408302        0.161779761314392     
   1.411763        0.158364206552505     
   1.415223        0.154946759343147     
   1.418683        0.151527464389801     
   1.422143        0.148106351494789     
   1.425603        0.144683450460434     
   1.429063        0.141258835792542     
   1.432524        0.137832522392273     
   1.435984        0.134404569864273     
   1.439444        0.130974993109703     
   1.442904        0.127543851733208     
   1.446364        0.124111190438271     
   1.449824        0.120677039027214     
   1.453285        0.117241442203522     
   1.456745        0.113804437220097     
   1.460205        0.110366076231003     
   1.463665        0.106926389038563     
   1.467125        0.103485427796841     
   1.470585        0.100043222308159     
   1.474046        9.659981727600098E-002
   1.477506        9.315526485443115E-002
   1.480966        8.970958739519119E-002
   1.484426        8.626284450292587E-002
   1.487886        8.281505852937698E-002
   1.491346        7.936628907918930E-002
   1.494807        7.591656595468521E-002
   1.498267        7.246593385934830E-002
   1.501727        6.901443749666214E-002
   1.505187        6.556211411952972E-002
   1.508647        6.210900470614433E-002
   1.512107        5.865515023469925E-002
   1.515568        5.520059540867805E-002
   1.519028        5.174537748098373E-002
   1.522488        4.828954115509987E-002
   1.525948        4.483312740921974E-002
   1.529408        4.137617722153664E-002
   1.532869        3.791872784495354E-002
   1.536329        3.446082770824432E-002
   1.539789        3.100251592695713E-002
   1.543249        2.754383161664009E-002
   1.546709        2.408481761813164E-002
   1.550169        2.062551490962505E-002
   1.553630        1.716596633195877E-002
   1.557090        1.370621100068092E-002
   1.560550        1.024629268795252E-002
   1.564010        6.786250509321690E-003
   1.567470        3.326127771288157E-003
   1.570930       -1.340349554084241E-004
   1.574391       -3.594196168705821E-003
   1.577851       -7.054314017295837E-003
   1.581311       -1.051434781402349E-002
   1.584771       -1.397425588220358E-002
   1.588231       -1.743399538099766E-002
   1.591691       -2.089352719485760E-002
   1.595152       -2.435280941426754E-002
   1.598612       -2.781179919838905E-002
   1.602072       -3.127045556902885E-002
   1.605532       -3.472873941063881E-002
   1.608992       -3.818660601973534E-002
   1.612452       -4.164401441812515E-002
   1.615913       -4.510092735290527E-002
   1.619373       -4.855729639530182E-002
   1.622833       -5.201308801770210E-002
   1.626293       -5.546825379133224E-002
   1.629753       -5.892275646328926E-002
   1.633213       -6.237655505537987E-002
   1.636674       -6.582960486412048E-002
   1.640134       -6.928186863660812E-002
   1.643594       -7.273329794406891E-002
   1.647054       -7.618386298418045E-002
   1.650514       -7.963351160287857E-002
   1.653974       -8.308220654726028E-002
   1.657435       -8.652991056442261E-002
   1.660895       -8.997657150030136E-002
   1.664355       -9.342216700315475E-002
   1.667815       -9.686663001775742E-002
   1.671275       -0.100309945642948     
   1.674735       -0.103752054274082     
   1.678196       -0.107192918658257     
   1.681656       -0.110632501542568     
   1.685116       -0.114070765674114     
   1.688576       -0.117507658898830     
   1.692036       -0.120943143963814     
   1.695496       -0.124377183616161     
   1.698957       -0.127809733152390     
   1.702417       -0.131240755319595     
   1.705877       -0.134670197963715     
   1.709337       -0.138098031282425     
   1.712797       -0.141524210572243     
   1.716257       -0.144948706030846     
   1.719718       -0.148371458053589     
   1.723178       -0.151792421936989     
   1.726638       -0.155211582779884     
   1.730098       -0.158628880977631     
   1.733558       -0.162044286727905     
   1.737018       -0.165457755327225     
   1.740479       -0.168869227170944     
   1.743939       -0.172278687357903     
   1.747399       -0.175686076283455     
   1.750859       -0.179091379046440     
   1.754319       -0.182494521141052     
   1.757779       -0.185895487666130     
   1.761240       -0.189294219017029     
   1.764700       -0.192690685391426     
   1.768160       -0.196084856987000     
   1.771620       -0.199476674199104     
   1.775080       -0.202866092324257     
   1.778540       -0.206253096461296     
   1.782001       -0.209637627005577     
   1.785461       -0.213019639253616     
   1.788921       -0.216399118304253     
   1.792381       -0.219775989651680     
   1.795841       -0.223150238394737     
   1.799302       -0.226521804928780     
   1.802762       -0.229890674352646     
   1.806222       -0.233256787061691     
   1.809682       -0.236620098352432     
   1.813142       -0.239980593323708     
   1.816602       -0.243338197469711     
   1.820063       -0.246692895889282     
   1.823523       -0.250044643878937     
   1.826983       -0.253393381834030     
   1.830443       -0.256739109754562     
   1.833903       -0.260081738233566     
   1.837363       -0.263421267271042     
   1.840824       -0.266757667064667     
   1.844284       -0.270090848207474     
   1.847744       -0.273420780897141     
   1.851204       -0.276747465133667     
   1.854664       -0.280070811510086     
   1.858124       -0.283390820026398     
   1.861585       -0.286707431077957     
   1.865045       -0.290020614862442     
   1.868505       -0.293330341577530     
   1.871965       -0.296636521816254     
   1.875425       -0.299939185380936     
   1.878885       -0.303238242864609     
   1.882346       -0.306533664464951     
   1.885806       -0.309825420379639     
   1.889266       -0.313113451004028     
   1.892726       -0.316397756338120     
   1.896186       -0.319678246974945     
   1.899646       -0.322954922914505     
   1.903107       -0.326227754354477     
   1.906567       -0.329496651887894     
   1.910027       -0.332761615514755     
   1.913487       -0.336022585630417     
   1.916947       -0.339279562234879     
   1.920407       -0.342532455921173     
   1.923868       -0.345781236886978     
   1.927328       -0.349025905132294     
   1.930788       -0.352266371250153     
   1.934248       -0.355502635240555     
   1.937708       -0.358734607696533     
   1.941168       -0.361962318420410     
   1.944629       -0.365185707807541     
   1.948089       -0.368404686450958     
   1.951549       -0.371619284152985     
   1.955009       -0.374829411506653     
   1.958469       -0.378035068511963     
   1.961929       -0.381236195564270     
   1.965390       -0.384432762861252     
   1.968850       -0.387624710798264     
   1.972310       -0.390812039375305     
   1.975770       -0.393994659185410     
   1.979230       -0.397172600030899     
   1.982690       -0.400345742702484     
   1.986151       -0.403514117002487     
   1.989611       -0.406677663326263     
   1.993071       -0.409836351871490     
   1.996531       -0.412990093231201     
   1.999991       -0.416138917207718     
   2.003452       -0.419282883405685     
   2.006912       -0.422421693801880     
   2.010372       -0.425555437803268     
   2.013832       -0.428684115409851     
   2.017292       -0.431807637214661     
   2.020752       -0.434926003217697     
   2.024213       -0.438039153814316     
   2.027673       -0.441147059202194     
   2.031133       -0.444249689579010     
   2.034593       -0.447347015142441     
   2.038053       -0.450438976287842     
   2.041513       -0.453525513410568     
   2.044974       -0.456606656312943     
   2.048434       -0.459682315587997     
   2.051894       -0.462752491235733     
   2.055354       -0.465817093849182     
   2.058814       -0.468876153230667     
   2.062274       -0.471929579973221     
   2.065735       -0.474977344274521     
   2.069195       -0.478019446134567     
   2.072655       -0.481055825948715     
   2.076115       -0.484086424112320     
   2.079575       -0.487111240625381     
   2.083035       -0.490130215883255     
   2.086496       -0.493143320083618     
   2.089956       -0.496150553226471     
   2.093416       -0.499151825904846     
   2.096876       -0.502147078514099     
   2.100336       -0.505136370658875     
   2.103796       -0.508119642734528     
   2.107257       -0.511096775531769     
   2.110717       -0.514067769050598     
   2.114177       -0.517032682895660     
   2.117637       -0.519991338253021     
   2.121097       -0.522943794727325     
   2.124557       -0.525889992713928     
   2.128018       -0.528829932212830     
   2.131478       -0.531763494014740     
   2.134938       -0.534690678119659     
   2.138398       -0.537611484527588     
   2.141858       -0.540525853633881     
   2.145319       -0.543433725833893     
   2.148779       -0.546335160732269     
   2.152239       -0.549229979515076     
   2.155699       -0.552118241786957     
   2.159159       -0.554999887943268     
   2.162619       -0.557874917984009     
   2.166080       -0.560743272304535     
   2.169540       -0.563604891300201     
   2.173000       -0.566459774971008     
   2.176460       -0.569307863712311     
   2.179920       -0.572149097919464     
   2.183380       -0.574983537197113     
   2.186841       -0.577811062335968     
   2.190301       -0.580631732940674     
   2.193761       -0.583445370197296     
   2.197221       -0.586252093315125     
   2.200681       -0.589051723480225     
   2.204141       -0.591844379901886     
   2.207602       -0.594629883766174     
   2.211062       -0.597408294677734     
   2.214522       -0.600179553031921     
   2.217982       -0.602943599224091     
   2.221442       -0.605700492858887     
   2.224902       -0.608450055122375     
   2.228363       -0.611192405223846     
   2.231823       -0.613927364349365     
   2.235283       -0.616655051708221     
   2.238743       -0.619375288486481     
   2.242203       -0.622088134288788     
   2.245663       -0.624793529510498     
   2.249124       -0.627491474151611     
   2.252584       -0.630181849002838     
   2.256044       -0.632864713668823     
   2.259504       -0.635540008544922     
   2.262964       -0.638207674026489     
   2.266424       -0.640867710113525     
   2.269885       -0.643520057201385     
   2.273345       -0.646164715290070     
   2.276805       -0.648801684379578     
   2.280265       -0.651430785655975     
   2.283725       -0.654052138328552     
   2.287185       -0.656665682792664     
   2.290646       -0.659271359443665     
   2.294106       -0.661869108676910     
   2.297566       -0.664458930492401     
   2.301026       -0.667040824890137     
   2.304486       -0.669614732265472     
   2.307946       -0.672180652618408     
   2.311407       -0.674738466739655     
   2.314867       -0.677288234233856     
   2.318327       -0.679829895496368     
   2.321787       -0.682363390922546     
   2.325247       -0.684888720512390     
   2.328707       -0.687405884265900     
   2.332168       -0.689914762973785     
   2.335628       -0.692415416240692     
   2.339088       -0.694907784461975     
   2.342548       -0.697391808032990     
   2.346008       -0.699867486953735     
   2.349468       -0.702334821224213     
   2.352929       -0.704793691635132     
   2.356389       -0.707244157791138     
   2.359849       -0.709686160087585     
   2.363309       -0.712119638919830     
   2.366769       -0.714544653892517     
   2.370229       -0.716961026191711     
   2.373690       -0.719368875026703     
   2.377150       -0.721768081188202     
   2.380610       -0.724158704280853     
   2.384070       -0.726540565490723     
   2.387530       -0.728913784027100     
   2.390990       -0.731278300285339     
   2.394451       -0.733633995056152     
   2.397911       -0.735980927944183     
   2.401371       -0.738319098949432     
   2.404831       -0.740648388862610     
   2.408291       -0.742968797683716     
   2.411752       -0.745280325412750     
   2.415212       -0.747582912445068     
   2.418672       -0.749876618385315     
   2.422132       -0.752161264419556     
   2.425592       -0.754436910152435     
   2.429052       -0.756703555583954     
   2.432513       -0.758961141109467     
   2.435973       -0.761209666728973     
   2.439433       -0.763449013233185     
   2.442893       -0.765679240226746     
   2.446353       -0.767900347709656     
   2.449813       -0.770112216472626     
   2.453274       -0.772314846515656     
   2.456734       -0.774508297443390     
   2.460194       -0.776692390441895     
   2.463654       -0.778867244720459     
   2.467114       -0.781032741069794     
   2.470574       -0.783188939094543     
   2.474035       -0.785335719585419     
   2.477495       -0.787473082542419     
   2.480955       -0.789601027965546     
   2.484415       -0.791719555854797     
   2.487875       -0.793828547000885     
   2.491335       -0.795928061008453     
   2.494796       -0.798018038272858     
   2.498256       -0.800098478794098     
   2.501716       -0.802169382572174     
   2.505176       -0.804230630397797     
   2.508636       -0.806282222270966     
   2.512096       -0.808324217796326     
   2.515557       -0.810356497764587     
   2.519017       -0.812379062175751     
   2.522477       -0.814391911029816     
   2.525937       -0.816395044326782     
   2.529397       -0.818388342857361     
   2.532857       -0.820371925830841     
   2.536318       -0.822345614433289     
   2.539778       -0.824309468269348     
   2.543238       -0.826263487339020     
   2.546698       -0.828207612037659     
   2.550158       -0.830141782760620     
   2.553618       -0.832066059112549     
   2.557079       -0.833980321884155     
   2.560539       -0.835884630680084     
   2.563999       -0.837778925895691     
   2.567459       -0.839663207530975     
   2.570919       -0.841537415981293     
   2.574379       -0.843401551246643     
   2.577840       -0.845255613327026     
   2.581300       -0.847099483013153     
   2.584760       -0.848933279514313     
   2.588220       -0.850756883621216     
   2.591680       -0.852570295333862     
   2.595140       -0.854373514652252     
   2.598601       -0.856166541576385     
   2.602061       -0.857949256896973     
   2.605521       -0.859721720218658     
   2.608981       -0.861483931541443     
   2.612441       -0.863235771656036     
   2.615901       -0.864977300167084     
   2.619362       -0.866708457469940     
   2.622822       -0.868429243564606     
   2.626282       -0.870139658451080     
   2.629742       -0.871839642524719     
   2.633202       -0.873529195785522     
   2.636662       -0.875208258628845     
   2.640123       -0.876876831054688     
   2.643583       -0.878534972667694     
   2.647043       -0.880182564258575     
   2.650503       -0.881819605827332     
   2.653963       -0.883446097373962     
   2.657423       -0.885061979293823     
   2.660884       -0.886667311191559     
   2.664344       -0.888261973857880     
   2.667804       -0.889846086502075     
   2.671264       -0.891419470310211     
   2.674724       -0.892982184886932     
   2.678185       -0.894534230232239     
   2.681645       -0.896075606346130     
   2.685105       -0.897606194019318     
   2.688565       -0.899126052856445     
   2.692025       -0.900635182857513     
   2.695485       -0.902133464813232     
   2.698946       -0.903620958328247     
   2.702406       -0.905097663402557     
   2.705866       -0.906563520431519     
   2.709326       -0.908018529415131     
   2.712786       -0.909462630748749     
   2.716246       -0.910895884037018     
   2.719707       -0.912318229675293     
   2.723167       -0.913729667663574     
   2.726627       -0.915130138397217     
   2.730087       -0.916519641876221     
   2.733547       -0.917898178100586     
   2.737007       -0.919265747070312     
   2.740468       -0.920622289180756     
   2.743928       -0.921967804431915     
   2.747388       -0.923302292823792     
   2.750848       -0.924625694751740     
   2.754308       -0.925938069820404     
   2.757768       -0.927239358425140     
   2.761229       -0.928529500961304     
   2.764689       -0.929808557033539     
   2.768149       -0.931076526641846     
   2.771609       -0.932333290576935     
   2.775069       -0.933578908443451     
   2.778529       -0.934813320636749     
   2.781990       -0.936036586761475     
   2.785450       -0.937248587608337     
   2.788910       -0.938449442386627     
   2.792370       -0.939639031887054     
   2.795830       -0.940817356109619     
   2.799290       -0.941984415054321     
   2.802751       -0.943140208721161     
   2.806211       -0.944284677505493     
   2.809671       -0.945417881011963     
   2.813131       -0.946539759635925     
   2.816591       -0.947650253772736     
   2.820051       -0.948749482631683     
   2.823512       -0.949837327003479     
   2.826972       -0.950913786888123     
   2.830432       -0.951978862285614     
   2.833892       -0.953032493591309     
   2.837352       -0.954074800014496     
   2.840812       -0.955105602741241     
   2.844273       -0.956125020980835     
   2.847733       -0.957132995128632     
   2.851193       -0.958129525184631     
   2.854653       -0.959114551544189     
   2.858113       -0.960088074207306     
   2.861573       -0.961050152778625     
   2.865034       -0.962000668048859     
   2.868494       -0.962939679622650     
   2.871954       -0.963867187500000     
   2.875414       -0.964783191680908     
   2.878874       -0.965687572956085     
   2.882334       -0.966580390930176     
   2.885795       -0.967461705207825     
   2.889255       -0.968331396579742     
   2.892715       -0.969189465045929     
   2.896175       -0.970035970211029     
   2.899635       -0.970870852470398     
   2.903095       -0.971694111824036     
   2.906556       -0.972505748271942     
   2.910016       -0.973305702209473     
   2.913476       -0.974094033241272     
   2.916936       -0.974870681762695     
   2.920396       -0.975635647773743     
   2.923856       -0.976388990879059     
   2.927317       -0.977130591869354     
   2.930777       -0.977860510349274     
   2.934237       -0.978578746318817     
   2.937697       -0.979285240173340     
   2.941157       -0.979979991912842     
   2.944618       -0.980663061141968     
   2.948078       -0.981334328651428     
   2.951538       -0.981993854045868     
   2.954998       -0.982641696929932     
   2.958458       -0.983277678489685     
   2.961918       -0.983901977539062     
   2.965379       -0.984514415264130     
   2.968839       -0.985115110874176     
   2.972299       -0.985704004764557     
   2.975759       -0.986281096935272     
   2.979219       -0.986846387386322     
   2.982679       -0.987399816513062     
   2.986140       -0.987941503524780     
   2.989600       -0.988471269607544     
   2.993060       -0.988989293575287     
   2.996520       -0.989495396614075     
   2.999980       -0.989989697933197     
   3.003440       -0.990472137928009     
   3.006901       -0.990942716598511     
   3.010361       -0.991401433944702     
   3.013821       -0.991848289966583     
   3.017281       -0.992283284664154     
   3.020741       -0.992706358432770     
   3.024201       -0.993117570877075     
   3.027662       -0.993516862392426     
   3.031122       -0.993904292583466     
   3.034582       -0.994279801845551     
   3.038042       -0.994643449783325     
   3.041502       -0.994995117187500     
   3.044962       -0.995334923267365     
   3.048423       -0.995662808418274     
   3.051883       -0.995978772640228     
   3.055343       -0.996282815933228     
   3.058803       -0.996574878692627     
   3.062263       -0.996855080127716     
   3.065723       -0.997123301029205     
   3.069184       -0.997379601001740     
   3.072644       -0.997623980045319     
   3.076104       -0.997856378555298     
   3.079564       -0.998076856136322     
   3.083024       -0.998285353183746     
   3.086484       -0.998481929302216     
   3.089945       -0.998666524887085     
   3.093405       -0.998839199542999     
   3.096865       -0.998999893665314     
   3.100325       -0.999148607254028     
   3.103785       -0.999285399913788     
   3.107245       -0.999410212039948     
   3.110706       -0.999523043632507     
   3.114166       -0.999623894691467     
   3.117626       -0.999712824821472     
   3.121086       -0.999789774417877     
   3.124546       -0.999854743480682     
   3.128006       -0.999907732009888     
   3.131467       -0.999948740005493     
   3.134927       -0.999977767467499     
   3.138387       -0.999994874000549     
   3.141847       -0.999999940395355     
   3.145307       -0.999993085861206     
   3.148767       -0.999974250793457     
   3.152228       -0.999943435192108     
   3.155688       -0.999900639057159     
   3.159148       -0.999845921993256     
   3.162608       -0.999779164791107     
   3.166068       -0.999700486660004     
   3.169528       -0.999609827995300     
   3.172989       -0.999507188796997     
   3.176449       -0.999392569065094     
   3.179909       -0.999266028404236     
   3.183369       -0.999127507209778     
   3.186829       -0.998977005481720     
   3.190289       -0.998814523220062     
   3.193750       -0.998640120029449     
   3.197210       -0.998453736305237     
   3.200670       -0.998255431652069     
   3.204130       -0.998045146465302     
   3.207590       -0.997822940349579     
   3.211051       -0.997588753700256     
   3.214511       -0.997342646121979     
   3.217971       -0.997084617614746     
   3.221431       -0.996814608573914     
   3.224891       -0.996532678604126     
   3.228351       -0.996238827705383     
   3.231812       -0.995933055877686     
   3.235272       -0.995615303516388     
   3.238732       -0.995285689830780     
   3.242192       -0.994944155216217     
   3.245652       -0.994590699672699     
   3.249112       -0.994225323200226     
   3.252573       -0.993848025798798     
   3.256033       -0.993458867073059     
   3.259493       -0.993057787418365     
   3.262953       -0.992644846439362     
   3.266413       -0.992220044136047     
   3.269873       -0.991783320903778     
   3.273334       -0.991334736347198     
   3.276794       -0.990874230861664     
   3.280254       -0.990401923656464     
   3.283714       -0.989917755126953     
   3.287174       -0.989421725273132     
   3.290634       -0.988913834095001     
   3.294095       -0.988394081592560     
   3.297555       -0.987862527370453     
   3.301015       -0.987319171428680     
   3.304475       -0.986763954162598     
   3.307935       -0.986196935176849     
   3.311395       -0.985618114471436     
   3.314856       -0.985027492046356     
   3.318316       -0.984425067901611     
   3.321776       -0.983810842037201     
   3.325236       -0.983184874057770     
   3.328696       -0.982547104358673     
   3.332156       -0.981897592544556     
   3.335617       -0.981236338615417     
   3.339077       -0.980563282966614     
   3.342537       -0.979878544807434     
   3.345997       -0.979182064533234     
   3.349457       -0.978473842144012     
   3.352917       -0.977753877639771     
   3.356378       -0.977022230625153     
   3.359838       -0.976278901100159     
   3.363298       -0.975523889064789     
   3.366758       -0.974757194519043     
   3.370218       -0.973978817462921     
   3.373678       -0.973188757896423     
   3.377139       -0.972387075424194     
   3.380599       -0.971573770046234     
   3.384059       -0.970748782157898     
   3.387519       -0.969912171363831     
   3.390979       -0.969063997268677     
   3.394439       -0.968204200267792     
   3.397900       -0.967332780361176     
   3.401360       -0.966449797153473     
   3.404820       -0.965555250644684     
   3.408280       -0.964649140834808     
   3.411740       -0.963731527328491     
   3.415200       -0.962802290916443     
   3.418661       -0.961861610412598     
   3.422121       -0.960909366607666     
   3.425581       -0.959945619106293     
   3.429041       -0.958970367908478     
   3.432501       -0.957983672618866     
   3.435961       -0.956985473632812     
   3.439422       -0.955975830554962     
   3.442882       -0.954954743385315     
   3.446342       -0.953922212123871     
   3.449802       -0.952878236770630     
   3.453262       -0.951822876930237     
   3.456722       -0.950756132602692     
   3.460183       -0.949678003787994     
   3.463643       -0.948588490486145     
   3.467103       -0.947487652301788     
   3.470563       -0.946375429630280     
   3.474023       -0.945251882076263     
   3.477484       -0.944117069244385     
   3.480944       -0.942970871925354     
   3.484404       -0.941813468933105     
   3.487864       -0.940644741058350     
   3.491324       -0.939464747905731     
   3.494784       -0.938273489475250     
   3.498245       -0.937071025371552     
   3.501705       -0.935857355594635     
   3.505165       -0.934632480144501     
   3.508625       -0.933396399021149     
   3.512085       -0.932149112224579     
   3.515545       -0.930890679359436     
   3.519006       -0.929621160030365     
   3.522466       -0.928340435028076     
   3.525926       -0.927048623561859     
   3.529386       -0.925745725631714     
   3.532846       -0.924431741237640     
   3.536306       -0.923106670379639     
   3.539767       -0.921770572662354     
   3.543227       -0.920423448085785     
   3.546687       -0.919065237045288     
   3.550147       -0.917696118354797     
   3.553607       -0.916315913200378     
   3.557067       -0.914924800395966     
   3.560528       -0.913522720336914     
   3.563988       -0.912109732627869     
   3.567448       -0.910685777664185     
   3.570908       -0.909250915050507     
   3.574368       -0.907805204391479     
   3.577828       -0.906348586082458     
   3.581289       -0.904881119728088     
   3.584749       -0.903402864933014     
   3.588209       -0.901913762092590     
   3.591669       -0.900413870811462     
   3.595129       -0.898903191089630     
   3.598589       -0.897381722927094     
   3.602050       -0.895849525928497     
   3.605510       -0.894306659698486     
   3.608970       -0.892753005027771     
   3.612430       -0.891188681125641     
   3.615890       -0.889613747596741     
   3.619350       -0.888028085231781     
   3.622811       -0.886431813240051     
   3.626271       -0.884824991226196     
   3.629731       -0.883207499980927     
   3.633191       -0.881579458713531     
   3.636651       -0.879940867424011     
   3.640111       -0.878291726112366     
   3.643572       -0.876632094383240     
   3.647032       -0.874961912631989     
   3.650492       -0.873281300067902     
   3.653952       -0.871590256690979     
   3.657412       -0.869888722896576     
   3.660872       -0.868176817893982     
   3.664333       -0.866454482078552     
   3.667793       -0.864721775054932     
   3.671253       -0.862978756427765     
   3.674713       -0.861225366592407     
   3.678173       -0.859461665153503     
   3.681633       -0.857687711715698     
   3.685094       -0.855903446674347     
   3.688554       -0.854108929634094     
   3.692014       -0.852304220199585     
   3.695474       -0.850489318370819     
   3.698934       -0.848664164543152     
   3.702394       -0.846828937530518     
   3.705855       -0.844983518123627     
   3.709315       -0.843127965927124     
   3.712775       -0.841262340545654     
   3.716235       -0.839386641979218     
   3.719695       -0.837500929832458     
   3.723155       -0.835605144500732     
   3.726616       -0.833699405193329     
   3.730076       -0.831783592700958     
   3.733536       -0.829857885837555     
   3.736996       -0.827922224998474     
   3.740456       -0.825976669788361     
   3.743917       -0.824021220207214     
   3.747377       -0.822055935859680     
   3.750837       -0.820080757141113     
   3.754297       -0.818095803260803     
   3.757757       -0.816101014614105     
   3.761217       -0.814096450805664     
   3.764678       -0.812082171440125     
   3.768138       -0.810058176517487     
   3.771598       -0.808024466037750     
   3.775058       -0.805981040000916     
   3.778518       -0.803928017616272     
   3.781978       -0.801865339279175     
   3.785439       -0.799793064594269     
   3.788899       -0.797711253166199     
   3.792359       -0.795619845390320     
   3.795819       -0.793518960475922     
   3.799279       -0.791408538818359     
   3.802739       -0.789288640022278     
   3.806200       -0.787159264087677     
   3.809660       -0.785020530223846     
   3.813120       -0.782872378826141     
   3.816580       -0.780714809894562     
   3.820040       -0.778547942638397     
   3.823500       -0.776371717453003     
   3.826961       -0.774186253547668     
   3.830421       -0.771991431713104     
   3.833881       -0.769787430763245     
   3.837341       -0.767574191093445     
   3.840801       -0.765351772308350     
   3.844261       -0.763120234012604     
   3.847722       -0.760879456996918     
   3.851182       -0.758629679679871     
   3.854642       -0.756370723247528     
   3.858102       -0.754102766513824     
   3.861562       -0.751825749874115     
   3.865022       -0.749539792537689     
   3.868483       -0.747244775295258     
   3.871943       -0.744940876960754     
   3.875403       -0.742628037929535     
   3.878863       -0.740306317806244     
   3.882323       -0.737975716590881     
   3.885783       -0.735636293888092     
   3.889244       -0.733288049697876     
   3.892704       -0.730931043624878     
   3.896164       -0.728565275669098     
   3.899624       -0.726190805435181     
   3.903084       -0.723807573318481     
   3.906544       -0.721415758132935     
   3.910005       -0.719015240669250     
   3.913465       -0.716606140136719     
   3.916925       -0.714188456535339     
   3.920385       -0.711762249469757     
   3.923845       -0.709327518939972     
   3.927305       -0.706884264945984     
   3.930766       -0.704432547092438     
   3.934226       -0.701972424983978     
   3.937686       -0.699503898620605     
   3.941146       -0.697026968002319     
   3.944606       -0.694541692733765     
   3.948066       -0.692048132419586     
   3.951527       -0.689546227455139     
   3.954987       -0.687036097049713     
   3.958447       -0.684517800807953     
   3.961907       -0.681991219520569     
   3.965367       -0.679456532001495     
   3.968827       -0.676913678646088     
   3.972288       -0.674362719058990     
   3.975748       -0.671803712844849     
   3.979208       -0.669236660003662     
   3.982668       -0.666661560535431     
   3.986128       -0.664078533649445     
   3.989588       -0.661487519741058     
   3.993049       -0.658888578414917     
   3.996509       -0.656281769275665     
   3.999969       -0.653667092323303     
   4.003429       -0.651044368743896     
   4.006890       -0.648413896560669     
   4.010350       -0.645775675773621     
   4.013811       -0.643129706382751     
   4.017271       -0.640475988388062     
   4.020731       -0.637814700603485     
   4.024192       -0.635145664215088     
   4.027652       -0.632469117641449     
   4.031113       -0.629784941673279     
   4.034573       -0.627093255519867     
   4.038033       -0.624393999576569     
   4.041494       -0.621687352657318     
   4.044954       -0.618973195552826     
   4.048415       -0.616251647472382     
   4.051875       -0.613522708415985     
   4.055336       -0.610786437988281     
   4.058796       -0.608042836189270     
   4.062256       -0.605292022228241     
   4.065717       -0.602533876895905     
   4.069177       -0.599768579006195     
   4.072638       -0.596996068954468     
   4.076098       -0.594216406345367     
   4.079558       -0.591429591178894     
   4.083019       -0.588635742664337     
   4.086479       -0.585834860801697     
   4.089940       -0.583026945590973     
   4.093400       -0.580211997032166     
   4.096860       -0.577390193939209     
   4.100321       -0.574561417102814     
   4.103781       -0.571725785732269     
   4.107242       -0.568883240222931     
   4.110702       -0.566033959388733     
   4.114162       -0.563177883625031     
   4.117623       -0.560315072536469     
   4.121083       -0.557445526123047     
   4.124544       -0.554569303989410     
   4.128004       -0.551686465740204     
   4.131464       -0.548797011375427     
   4.134925       -0.545901000499725     
   4.138385       -0.542998433113098     
   4.141846       -0.540089368820190     
   4.145306       -0.537173807621002     
   4.148767       -0.534251868724823     
   4.152227       -0.531323492527008     
   4.155687       -0.528388738632202     
   4.159148       -0.525447726249695     
   4.162608       -0.522500395774841     
   4.166069       -0.519546747207642     
   4.169529       -0.516586959362030     
   4.172989       -0.513620913028717     
   4.176450       -0.510648787021637     
   4.179910       -0.507670521736145     
   4.183371       -0.504686176776886     
   4.186831       -0.501695752143860     
   4.190291       -0.498699367046356     
   4.193752       -0.495696991682053     
   4.197212       -0.492688685655594     
   4.200673       -0.489674478769302     
   4.204133       -0.486654400825500     
   4.207593       -0.483628481626511     
   4.211054       -0.480596810579300     
   4.214514       -0.477559357881546     
   4.217975       -0.474516183137894     
   4.221435       -0.471467345952988     
   4.224895       -0.468412846326828     
   4.228356       -0.465352743864059     
   4.231816       -0.462287068367004     
   4.235277       -0.459215849637985     
   4.238737       -0.456139147281647     
   4.242198       -0.453056991100311     
   4.245658       -0.449969381093979     
   4.249118       -0.446876406669617     
   4.252579       -0.443778067827225     
   4.256039       -0.440674424171448     
   4.259500       -0.437565505504608     
   4.262960       -0.434451341629028     
   4.266420       -0.431331962347031     
   4.269881       -0.428207427263260     
   4.273341       -0.425077766180038     
   4.276802       -0.421943008899689     
   4.280262       -0.418803215026855     
   4.283722       -0.415658384561539     
   4.287183       -0.412508606910706     
   4.290643       -0.409353882074356     
   4.294104       -0.406194239854813     
   4.297564       -0.403029739856720     
   4.301024       -0.399860411882401     
   4.304485       -0.396686285734177     
   4.307945       -0.393507421016693     
   4.311406       -0.390323847532272     
   4.314866       -0.387135595083237     
   4.318326       -0.383942723274231     
   4.321787       -0.380745232105255     
   4.325247       -0.377543181180954     
   4.328708       -0.374336630105972     
   4.332168       -0.371125578880310     
   4.335629       -0.367910087108612     
   4.339089       -0.364690184593201     
   4.342549       -0.361465930938721     
   4.346010       -0.358237355947495     
   4.349470       -0.355004459619522     
   4.352931       -0.351767331361771     
   4.356391       -0.348526000976562     
   4.359851       -0.345280468463898     
   4.363312       -0.342030823230743     
   4.366772       -0.338777065277100     
   4.370233       -0.335519284009933     
   4.373693       -0.332257449626923     
   4.377153       -0.328991651535034     
   4.380614       -0.325721919536591     
   4.384074       -0.322448283433914     
   4.387535       -0.319170773029327     
   4.390995       -0.315889447927475     
   4.394455       -0.312604337930679     
   4.397916       -0.309315502643585     
   4.401376       -0.306022942066193     
   4.404837       -0.302726715803146     
   4.408297       -0.299426883459091     
   4.411757       -0.296123445034027     
   4.415218       -0.292816489934921     
   4.418678       -0.289505988359451     
   4.422139       -0.286192059516907     
   4.425599       -0.282874673604965     
   4.429060       -0.279553920030594     
   4.432520       -0.276229798793793     
   4.435980       -0.272902399301529     
   4.439441       -0.269571721553802     
   4.442901       -0.266237795352936     
   4.446362       -0.262900710105896     
   4.449822       -0.259560465812683     
   4.453282       -0.256217092275620     
   4.456743       -0.252870678901672     
   4.460203       -0.249521225690842     
   4.463664       -0.246168792247772     
   4.467124       -0.242813393473625     
   4.470584       -0.239455103874207     
   4.474045       -0.236093938350677     
   4.477505       -0.232729956507683     
   4.480966       -0.229363173246384     
   4.484426       -0.225993648171425     
   4.487886       -0.222621425986290     
   4.491347       -0.219246536493301     
   4.494807       -0.215869009494781     
   4.498268       -0.212488904595375     
   4.501728       -0.209106251597404     
   4.505188       -0.205721110105515     
   4.508649       -0.202333480119705     
   4.512109       -0.198943451046944     
   4.515570       -0.195551022887230     
   4.519030       -0.192156270146370     
   4.522491       -0.188759192824364     
   4.525951       -0.185359880328178     
   4.529411       -0.181958332657814     
   4.532872       -0.178554609417915     
   4.536332       -0.175148755311966     
   4.539793       -0.171740785241127     
   4.543253       -0.168330773711205     
   4.546713       -0.164918750524521     
   4.550174       -0.161504745483398     
   4.553634       -0.158088803291321     
   4.557095       -0.154670968651772     
   4.560555       -0.151251286268234     
   4.564015       -0.147829785943031     
   4.567476       -0.144406527280807     
   4.570936       -0.140981525182724     
   4.574397       -0.137554854154587     
   4.577857       -0.134126514196396     
   4.581317       -0.130696579813957     
   4.584778       -0.127265080809593     
   4.588238       -0.123832054436207     
   4.591699       -0.120397545397282     
   4.595159       -0.116961598396301     
   4.598619       -0.113524250686169     
   4.602080       -0.110085539519787     
   4.605540       -0.106645509600639     
   4.609001       -0.103204205632210     
   4.612461       -9.976166486740112E-002
   4.615921       -9.631793200969696E-002
   4.619382       -9.287304431200027E-002
   4.622842       -8.942704647779465E-002
   4.626303       -8.597996830940247E-002
   4.629763       -8.253186941146851E-002
   4.633224       -7.908277958631516E-002
   4.636684       -7.563274353742599E-002
   4.640144       -7.218180596828461E-002
   4.643605       -6.872999668121338E-002
   4.647065       -6.527736783027649E-002
   4.650526       -6.182396039366722E-002
   4.653986       -5.836980789899826E-002
   4.657446       -5.491495877504349E-002
   4.660907       -5.145945027470589E-002
   4.664367       -4.800332710146904E-002
   4.667828       -4.454662650823593E-002
   4.671288       -4.108939692378044E-002
   4.674748       -3.763167187571526E-002
   4.678209       -3.417349606752396E-002
   4.681669       -3.071491420269012E-002
   4.685130       -2.725596167147160E-002
   4.688590       -2.379668503999710E-002
   4.692050       -2.033712156116962E-002
   4.695511       -1.687731407582760E-002
   4.698971       -1.341730635613203E-002
   4.702432       -9.957137517631054E-003
   4.705892       -6.496848538517952E-003
   4.709352       -3.036482492461801E-003
   4.712813        4.239201371092349E-004
   4.716273        3.884317586198449E-003
   4.719734        7.344668731093407E-003
   4.723194        1.080493163317442E-002
   4.726655        1.426506508141756E-002
   4.730115        1.772502809762955E-002
   4.733575        2.118477970361710E-002
   4.737036        2.464427612721920E-002
   4.740496        2.810347825288773E-002
   4.743957        3.156234323978424E-002
   4.747417        3.502083197236061E-002
   4.750877        3.847889974713326E-002
   4.754338        4.193650558590889E-002
   4.757798        4.539361223578453E-002
   4.761259        4.885017126798630E-002
   4.764719        5.230614915490150E-002
   4.768179        5.576149746775627E-002
   4.771640        5.921618267893791E-002
   4.775100        6.267015635967255E-002
   4.778561        6.612338125705719E-002
   4.782021        6.957580894231796E-002
   4.785481        7.302740961313248E-002
   4.788942        7.647813111543655E-002
   4.792402        7.992793619632721E-002
   4.795863        8.337678760290146E-002
   4.799323        8.682464063167572E-002
   4.802783        9.027145802974701E-002
   4.806244        9.371718764305115E-002
   4.809704        9.716179221868515E-002
   4.813165        0.100605241954327     
   4.816625        0.104047484695911     
   4.820086        0.107488475739956     
   4.823546        0.110928185284138     
   4.827006        0.114366568624973     
   4.830467        0.117803581058979     
   4.833927        0.121239177882671     
   4.837388        0.124673329293728     
   4.840848        0.128105983138084     
   4.844308        0.131537109613419     
   4.847769        0.134966641664505     
   4.851229        0.138394579291344     
   4.854690        0.141820847988129     
   4.858150        0.145245432853699     
   4.861610        0.148668259382248     
   4.865071        0.152089312672615     
   4.868531        0.155508548021317     
   4.871992        0.158925920724869     
   4.875452        0.162341386079788     
   4.878912        0.165754914283752     
   4.882373        0.169166460633278     
   4.885833        0.172575965523720     
   4.889294        0.175983414053917     
   4.892754        0.179388761520386     
   4.896214        0.182791948318481     
   4.899675        0.186192959547043     
   4.903135        0.189591735601425     
   4.906596        0.192988231778145     
   4.910056        0.196382433176041     
   4.913517        0.199774265289307     
   4.916977        0.203163713216782     
   4.920437        0.206550732254982     
   4.923898        0.209935277700424     
   4.927358        0.213317304849625     
   4.930819        0.216696783900261     
   4.934279        0.220073670148849     
   4.937739        0.223447903990746     
   4.941200        0.226819470524788     
   4.944660        0.230188325047493     
   4.948121        0.233554422855377     
   4.951581        0.236917734146118     
   4.955041        0.240278184413910     
   4.958502        0.243635773658752     
   4.961962        0.246990442276001     
   4.965423        0.250342160463333     
   4.968883        0.253690868616104     
   4.972343        0.257036536931992     
   4.975804        0.260379135608673     
   4.979264        0.263718634843826     
   4.982725        0.267054945230484     
   4.986185        0.270388066768646     
   4.989645        0.273717969655991     
   4.993106        0.277044564485550     
   4.996566        0.280367851257324     
   5.000027        0.283687800168991     
   5.003487        0.287004321813583     
   5.006948        0.290317416191101     
   5.010408        0.293627053499222     
   5.013868        0.296933174133301     
   5.017329        0.300235718488693     
   5.020789        0.303534656763077     
   5.024250        0.306829988956451     
   5.027710        0.310121655464172     
   5.031170        0.313409566879272     
   5.034631        0.316693753004074     
   5.038091        0.319974154233932     
   5.041552        0.323250710964203     
   5.045012        0.326523393392563     
   5.048472        0.329792171716690     
   5.051933        0.333057016134262     
   5.055393        0.336317837238312     
   5.058854        0.339574664831161     
   5.062314        0.342827409505844     
   5.065774        0.346076041460037     
   5.069235        0.349320530891418     
   5.072695        0.352560847997665     
   5.076156        0.355796962976456     
   5.079616        0.359028786420822     
   5.083076        0.362256318330765     
   5.086537        0.365479528903961     
   5.089997        0.368698328733444     
   5.093458        0.371912747621536     
   5.096918        0.375122696161270     
   5.100379        0.378328144550323     
   5.103839        0.381529062986374     
   5.107299        0.384725451469421     
   5.110760        0.387917190790176     
   5.114220        0.391104310750961     
   5.117681        0.394286721944809     
   5.121141        0.397464424371719     
   5.124601        0.400637388229370     
   5.128062        0.403805524110794     
   5.131522        0.406968832015991     
   5.134983        0.410127282142639     
   5.138443        0.413280785083771     
   5.141903        0.416429370641708     
   5.145364        0.419572979211807     
   5.148824        0.422711551189423     
   5.152285        0.425845056772232     
   5.155745        0.428973466157913     
   5.159205        0.432096719741821     
   5.162666        0.435214817523956     
   5.166126        0.438327699899673     
   5.169587        0.441435337066650     
   5.173047        0.444537699222565     
   5.176507        0.447634726762772     
   5.179968        0.450726389884949     
   5.183428        0.453812658786774     
   5.186889        0.456893503665924     
   5.190349        0.459968864917755     
   5.193810        0.463038712739944     
   5.197270        0.466103017330170     
   5.200730        0.469161748886108     
   5.204191        0.472214877605438     
   5.207651        0.475262314081192     
   5.211112        0.478304088115692     
   5.214572        0.481340140104294     
   5.218032        0.484370410442352     
   5.221493        0.487394899129868     
   5.224953        0.490413516759872     
   5.228414        0.493426293134689     
   5.231874        0.496433138847351     
   5.235334        0.499434053897858     
   5.238795        0.502429008483887     
   5.242255        0.505417943000793     
   5.245716        0.508400797843933     
   5.249176        0.511377573013306     
   5.252636        0.514348208904266     
   5.256097        0.517312705516815     
   5.259557        0.520271003246307     
   5.263018        0.523223102092743     
   5.266478        0.526168882846832     
   5.269938        0.529108405113220     
   5.273399        0.532041549682617     
   5.276859        0.534968376159668     
   5.280320        0.537888765335083     
   5.283780        0.540802717208862     
   5.287241        0.543710172176361     
   5.290701        0.546611130237579     
   5.294161        0.549505591392517     
   5.297622        0.552393436431885     
   5.301082        0.555274665355682     
   5.304543        0.558149218559265     
   5.308003        0.561017096042633     
   5.311463        0.563878297805786     
   5.314924        0.566732704639435     
   5.318384        0.569580316543579     
   5.321845        0.572421133518219     
   5.325305        0.575255095958710     
   5.328765        0.578082203865051     
   5.332226        0.580902338027954     
   5.335686        0.583715558052063     
   5.339147        0.586521744728088     
   5.342607        0.589320898056030     
   5.346067        0.592113077640533     
   5.349528        0.594898104667664     
   5.352988        0.597675979137421     
   5.356449        0.600446760654449     
   5.359909        0.603210330009460     
   5.363369        0.605966687202454     
   5.366830        0.608715772628784     
   5.370290        0.611457526683807     
   5.373751        0.614192008972168     
   5.377211        0.616919159889221     
   5.380672        0.619638860225677     
   5.384132        0.622351169586182     
   5.387592        0.625056028366089     
   5.391053        0.627753436565399     
   5.394513        0.630443274974823     
   5.397974        0.633125603199005     
   5.401434        0.635800302028656     
   5.404894        0.638467431068420     
   5.408355        0.641126930713654     
   5.411815        0.643778681755066     
   5.415276        0.646422803401947     
   5.418736        0.649059116840363     
   5.422196        0.651687681674957     
   5.425657        0.654308497905731     
   5.429117        0.656921386718750     
   5.432578        0.659526467323303     
   5.436038        0.662123620510101     
   5.439498        0.664712905883789     
   5.442959        0.667294144630432     
   5.446419        0.669867455959320     
   5.449880        0.672432720661163     
   5.453340        0.674989938735962     
   5.456800        0.677539050579071     
   5.460261        0.680080115795135     
   5.463721        0.682612955570221     
   5.467182        0.685137689113617     
   5.470642        0.687654197216034     
   5.474102        0.690162479877472     
   5.477563        0.692662477493286     
   5.481023        0.695154190063477     
   5.484484        0.697637557983398     
   5.487944        0.700112581253052     
   5.491405        0.702579200267792     
   5.494865        0.705037474632263     
   5.498325        0.707487225532532     
   5.501786        0.709928572177887     
   5.505246        0.712361395359039     
   5.508707        0.714785695075989     
   5.512167        0.717201411724091     
   5.515627        0.719608545303345     
   5.519088        0.722007095813751     
   5.522548        0.724396944046021     
   5.526009        0.726778149604797     
   5.529469        0.729150652885437     
   5.532929        0.731514394283295     
   5.536390        0.733869433403015     
   5.539850        0.736215651035309     
   5.543311        0.738553047180176     
   5.546771        0.740881621837616     
   5.550231        0.743201315402985     
   5.553692        0.745512127876282     
   5.557152        0.747813999652863     
   5.560613        0.750106871128082     
   5.564073        0.752390801906586     
   5.567533        0.754665732383728     
   5.570994        0.756931602954865     
   5.574454        0.759188413619995     
   5.577915        0.761436164379120     
   5.581375        0.763674795627594     
   5.584836        0.765904247760773     
   5.588296        0.768124520778656     
   5.591756        0.770335614681244     
   5.595217        0.772537529468536     
   5.598677        0.774730145931244     
   5.602138        0.776913464069366     
   5.605598        0.779087543487549     
   5.609058        0.781252205371857     
   5.612519        0.783407568931580     
   5.615979        0.785553574562073     
   5.619440        0.787690162658691     
   5.622900        0.789817273616791     
   5.626360        0.791934967041016     
   5.629821        0.794043183326721     
   5.633281        0.796141862869263     
   5.636742        0.798231005668640     
   5.640202        0.800310611724854     
   5.643662        0.802380621433258     
   5.647123        0.804441034793854     
   5.650583        0.806491792201996     
   5.654044        0.808532893657684     
   5.657504        0.810564339160919     
   5.660964        0.812586069107056     
   5.664425        0.814598083496094     
   5.667885        0.816600322723389     
   5.671346        0.818592786788940     
   5.674806        0.820575475692749     
   5.678267        0.822548270225525     
   5.681727        0.824511289596558     
   5.685187        0.826464414596558     
   5.688648        0.828407585620880     
   5.692108        0.830340921878815     
   5.695569        0.832264244556427     
   5.699029        0.834177672863007     
   5.702489        0.836081087589264     
   5.705950        0.837974429130554     
   5.709410        0.839857816696167     
   5.712871        0.841731131076813     
   5.716331        0.843594312667847     
   5.719791        0.845447421073914     
   5.723252        0.847290456295013     
   5.726712        0.849123299121857     
   5.730173        0.850945949554443     
   5.733633        0.852758467197418     
   5.737093        0.854560732841492     
   5.740554        0.856352806091309     
   5.744014        0.858134567737579     
   5.747475        0.859906077384949     
   5.750935        0.861667335033417     
   5.754395        0.863418221473694     
   5.757856        0.865158796310425     
   5.761316        0.866888999938965     
   5.764777        0.868608832359314     
   5.768237        0.870318233966827     
   5.771698        0.872017264366150     
   5.775158        0.873705804347992     
   5.778618        0.875383913516998     
   5.782079        0.877051532268524     
   5.785539        0.878708600997925     
   5.789000        0.880355238914490     
   5.792460        0.881991267204285     
   5.795920        0.883616745471954     
   5.799381        0.885231673717499     
   5.802841        0.886835932731628     
   5.806302        0.888429641723633     
   5.809762        0.890012681484222     
   5.813222        0.891585111618042     
   5.816683        0.893146812915802     
   5.820143        0.894697844982147     
   5.823604        0.896238148212433     
   5.827064        0.897767722606659     
   5.830524        0.899286508560181     
   5.833985        0.900794565677643     
   5.837445        0.902291834354401     
   5.840906        0.903778314590454     
   5.844366        0.905253946781158     
   5.847826        0.906718790531158     
   5.851287        0.908172726631165     
   5.854747        0.909615814685822     
   5.858208        0.911047995090485     
   5.861668        0.912469208240509     
   5.865129        0.913879573345184     
   5.868589        0.915278971195221     
   5.872049        0.916667401790619     
   5.875510        0.918044865131378     
   5.878970        0.919411361217499     
   5.882431        0.920766830444336     
   5.885891        0.922111272811890     
   5.889351        0.923444628715515     
   5.892812        0.924766957759857     
   5.896272        0.926078259944916     
   5.899733        0.927378416061401     
   5.903193        0.928667485713959     
   5.906653        0.929945409297943     
   5.910114        0.931212246417999     
   5.913574        0.932467937469482     
   5.917035        0.933712422847748     
   5.920495        0.934945702552795     
   5.923955        0.936167836189270     
   5.927416        0.937378764152527     
   5.930876        0.938578426837921     
   5.934337        0.939766883850098     
   5.937797        0.940944075584412     
   5.941257        0.942110002040863     
   5.944718        0.943264663219452     
   5.948178        0.944407999515533     
   5.951639        0.945540070533752     
   5.955099        0.946660757064819     
   5.958560        0.947770118713379     
   5.962020        0.948868155479431     
   5.965480        0.949954867362976     
   5.968941        0.951030135154724     
   5.972401        0.952094078063965     
   5.975862        0.953146576881409     
   5.979322        0.954187691211700     
   5.982782        0.955217361450195     
   5.986243        0.956235587596893     
   5.989703        0.957242369651794     
   5.993164        0.958237648010254     
   5.996624        0.959221482276917     
   6.000084        0.960193872451782     
   6.003545        0.961154699325562     
   6.007005        0.962104082107544     
   6.010466        0.963041901588440     
   6.013926        0.963968217372894     
   6.017386        0.964882969856262     
   6.020847        0.965786159038544     
   6.024307        0.966677784919739     
   6.027768        0.967557847499847     
   6.031228        0.968426346778870     
   6.034688        0.969283223152161     
   6.038149        0.970128476619720     
   6.041609        0.970962166786194     
   6.045070        0.971784174442291     
   6.048530        0.972594559192657     
   6.051991        0.973393321037292     
   6.055451        0.974180400371552     
   6.058911        0.974955856800079     
   6.062372        0.975719571113586     
   6.065832        0.976471662521362     
   6.069293        0.977212011814117     
   6.072753        0.977940678596497     
   6.076213        0.978657662868500     
   6.079674        0.979362905025482     
   6.083134        0.980056405067444     
   6.086595        0.980738222599030     
   6.090055        0.981408238410950     
   6.093515        0.982066512107849     
   6.096976        0.982713043689728     
   6.100436        0.983347833156586     
   6.103897        0.983970761299133     
   6.107357        0.984582006931305     
   6.110817        0.985181391239166     
   6.114278        0.985769033432007     
   6.117738        0.986344814300537     
   6.121199        0.986908853054047     
   6.124659        0.987461030483246     
   6.128119        0.988001346588135     
   6.131580        0.988529920578003     
   6.135040        0.989046573638916     
   6.138501        0.989551424980164     
   6.141961        0.990044414997101     
   6.145422        0.990525543689728     
   6.148882        0.990994870662689     
   6.152342        0.991452276706696     
   6.155803        0.991897821426392     
   6.159263        0.992331445217133     
   6.162724        0.992753267288208     
   6.166184        0.993163168430328     
   6.169644        0.993561148643494     
   6.173105        0.993947267532349     
   6.176565        0.994321465492249     
   6.180026        0.994683742523193     
   6.183486        0.995034158229828     
   6.186946        0.995372593402863     
   6.190407        0.995699167251587     
   6.193867        0.996013760566711     
   6.197328        0.996316492557526     
   6.200788        0.996607244014740     
   6.204248        0.996886074542999     
   6.207709        0.997152984142303     
   6.211169        0.997407972812653     
   6.214630        0.997650980949402     
   6.218090        0.997882068157196     
   6.221550        0.998101174831390     
   6.225011        0.998308360576630     
   6.228471        0.998503565788269     
   6.231932        0.998686850070953     
   6.235392        0.998858094215393     
   6.238853        0.999017477035522     
   6.242313        0.999164819717407     
   6.245773        0.999300241470337     
   6.249234        0.999423682689667     
   6.252694        0.999535202980042     
   6.256155        0.999634683132172     
   6.259615        0.999722242355347     
   6.263075        0.999797821044922     
   6.266536        0.999861419200897     
   6.269996        0.999913036823273     
   6.273457        0.999952673912048     
   6.276917        0.999980330467224     
   6.280377        0.999996066093445     
   6.283838        0.999999761581421     
   6.287298        0.999991536140442     
   6.290759        0.999971330165863     
   6.294219        0.999939143657684     
   6.297679        0.999894976615906     
   6.301140        0.999838829040527     
   6.304600        0.999770700931549     
   6.308061        0.999690651893616     
   6.311521        0.999598562717438     
   6.314981        0.999494552612305     
   6.318442        0.999378561973572     
   6.321902        0.999250590801239     
   6.325363        0.999110639095306     
   6.328823        0.998958766460419     
   6.332283        0.998794913291931     
   6.335744        0.998619139194489     
   6.339204        0.998431324958801     
   6.342665        0.998231649398804     
   6.346125        0.998019933700562     
   6.349586        0.997796297073364     
   6.353046        0.997560739517212     
   6.356506        0.997313201427460     
   6.359967        0.997053742408752     
   6.363427        0.996782362461090     
   6.366888        0.996499001979828     
   6.370348        0.996203720569611     
   6.373808        0.995896518230438     
   6.377269        0.995577394962311     
   6.380729        0.995246350765228     
   6.384190        0.994903385639191     
   6.387650        0.994548499584198     
   6.391110        0.994181752204895     
   6.394571        0.993803024291992     
   6.398031        0.993412435054779     
   6.401492        0.993009984493256     
   6.404952        0.992595613002777     
   6.408412        0.992169320583344     
   6.411873        0.991731166839600     
   6.415333        0.991281151771545     
   6.418794        0.990819275379181     
   6.422254        0.990345537662506     
   6.425714        0.989859879016876     
   6.429175        0.989362418651581     
   6.432635        0.988853096961975     
   6.436096        0.988331973552704     
   6.439556        0.987798988819122     
   6.443017        0.987254142761230     
   6.446477        0.986697494983673     
   6.449937        0.986129045486450     
   6.453398        0.985548794269562     
   6.456858        0.984956741333008     
   6.460319        0.984352886676788     
   6.463779        0.983737230300903     
   6.467239        0.983109831809998     
   6.470700        0.982470631599426     
   6.474160        0.981819629669189     
   6.477621        0.981156945228577     
   6.481081        0.980482459068298     
   6.484541        0.979796230792999     
   6.488002        0.979098320007324     
   6.491462        0.978388667106628     
   6.494923        0.977667272090912     
   6.498383        0.976934194564819     
   6.501843        0.976189374923706     
   6.505304        0.975432932376862     
   6.508764        0.974664747714996     
   6.512225        0.973884940147400     
   6.515685        0.973093450069427     
   6.519145        0.972290337085724     
   6.522606        0.971475541591644     
   6.526066        0.970649123191833     
   6.529527        0.969811081886292     
   6.532987        0.968961417675018     
   6.536448        0.968100190162659     
   6.539908        0.967227339744568     
   6.543368        0.966342926025391     
   6.546829        0.965446889400482     
   6.550289        0.964539349079132     
   6.553750        0.963620245456696     
   6.557210        0.962689578533173     
   6.560670        0.961747407913208     
   6.564131        0.960793733596802     
   6.567591        0.959828495979309     
   6.571052        0.958851814270020     
   6.574512        0.957863688468933     
   6.577972        0.956863999366760     
   6.581433        0.955852925777435     
   6.584893        0.954830348491669     
   6.588354        0.953796386718750     
   6.591814        0.952750980854034     
   6.595274        0.951694190502167     
   6.598735        0.950625956058502     
   6.602195        0.949546396732330     
   6.605656        0.948455452919006     
   6.609116        0.947353124618530     
   6.612576        0.946239471435547     
   6.616037        0.945114433765411     
   6.619497        0.943978130817413     
   6.622958        0.942830562591553     
   6.626418        0.941671669483185     
   6.629879        0.940501451492310     
   6.633339        0.939320027828217     
   6.636799        0.938127338886261     
   6.640260        0.936923444271088     
   6.643720        0.935708284378052     
   6.647181        0.934481918811798     
   6.650641        0.933244407176971     
   6.654101        0.931995689868927     
   6.657562        0.930735826492310     
   6.661022        0.929464817047119     
   6.664483        0.928182661533356     
   6.667943        0.926889419555664     
   6.671403        0.925585031509399     
   6.674864        0.924269616603851     
   6.678324        0.922943115234375     
   6.681785        0.921605527400970     
   6.685245        0.920256972312927     
   6.688705        0.918897330760956     
   6.692166        0.917526721954346     
   6.695626        0.916145086288452     
   6.699087        0.914752542972565     
   6.702547        0.913348972797394     
   6.706007        0.911934554576874     
   6.709468        0.910509169101715     
   6.712928        0.909072875976562     
   6.716389        0.907625675201416     
   6.719849        0.906167626380920     
   6.723310        0.904698729515076     
   6.726770        0.903219044208527     
   6.730230        0.901728510856628     
   6.733691        0.900227129459381     
   6.737151        0.898715019226074     
   6.740612        0.897192120552063     
   6.744072        0.895658493041992     
   6.747532        0.894114196300507     
   6.750993        0.892559111118317     
   6.754453        0.890993356704712     
   6.757914        0.889416933059692     
   6.761374        0.887829899787903     
   6.764834        0.886232197284698     
   6.768295        0.884623885154724     
   6.771755        0.883004963397980     
   6.775216        0.881375491619110     
   6.778676        0.879735469818115     
   6.782136        0.878084957599640     
   6.785597        0.876423835754395     
   6.789057        0.874752283096313     
   6.792518        0.873070240020752     
   6.795978        0.871377766132355     
   6.799438        0.869674801826477     
   6.802899        0.867961466312408     
   6.806359        0.866237699985504     
   6.809820        0.864503622055054     
   6.813280        0.862759113311768     
   6.816741        0.861004352569580     
   6.820201        0.859239220619202     
   6.823661        0.857463836669922     
   6.827122        0.855678200721741     
   6.830582        0.853882253170013     
   6.834043        0.852076113224030     
   6.837503        0.850259780883789     
   6.840963        0.848433256149292     
   6.844424        0.846596598625183     
   6.847884        0.844749808311462     
   6.851345        0.842892885208130     
   6.854805        0.841025829315186     
   6.858265        0.839148759841919     
   6.861726        0.837261617183685     
   6.865186        0.835364401340485     
   6.868647        0.833457231521606     
   6.872107        0.831540107727051     
   6.875567        0.829612970352173     
   6.879028        0.827675938606262     
   6.882488        0.825729012489319     
   6.885949        0.823772132396698     
   6.889409        0.821805477142334     
   6.892869        0.819828927516937     
   6.896330        0.817842543125153     
   6.899790        0.815846383571625     
   6.903251        0.813840448856354     
   6.906711        0.811824798583984     
   6.910172        0.809799373149872     
   6.913632        0.807764291763306     
   6.917092        0.805719554424286     
   6.920553        0.803665161132812     
   6.924013        0.801601111888885     
   6.927474        0.799527466297150     
   6.930934        0.797444283962250     
   6.934394        0.795351505279541     
   6.937855        0.793249249458313     
   6.941315        0.791137456893921     
   6.944776        0.789016187191010     
   6.948236        0.786885499954224     
   6.951696        0.784745395183563     
   6.955157        0.782595872879028     
   6.958617        0.780436992645264     
   6.962078        0.778268754482269     
   6.965538        0.776091217994690     
   6.968998        0.773904323577881     
   6.972459        0.771708250045776     
   6.975919        0.769502878189087     
   6.979380        0.767288327217102     
   6.982840        0.765064537525177     
   6.986300        0.762831628322601     
   6.989761        0.760589599609375     
   6.993221        0.758338451385498     
   6.996682        0.756078183650970     
   7.000142        0.753808915615082     
   7.003603        0.751530587673187     
