  9.7751711E-04     2.20702123641968     
  1.9550342E-03    -1.32713890075684     
  2.9325513E-03     1.25339651107788     
  3.9100684E-03    -1.76290214061737     
  4.8875855E-03   -0.698364496231079     
  5.8651026E-03     2.53206348419189     
  6.8426197E-03    -1.25809550285339     
  7.8201368E-03     1.04956364631653     
  8.7976540E-03    -1.23717033863068     
  9.7751711E-03    -1.34971284866333     
  1.0752688E-02     2.70889186859131     
  1.1730205E-02    -1.04563999176025     
  1.2707722E-02    0.739262342453003     
  1.3685239E-02   -0.672607660293579     
  1.4662757E-02    -1.91058683395386     
  1.5640274E-02     2.71907448768616     
  1.6617790E-02   -0.701382458209991     
  1.7595306E-02    0.355015158653259     
  1.8572822E-02   -0.113863945007324     
  1.9550338E-02    -2.34439563751221     
  2.0527855E-02     2.55642151832581     
  2.1505371E-02   -0.248355984687805     
  2.2482887E-02   -6.449098885059357E-002
  2.3460403E-02    0.396000206470490     
  2.4437919E-02    -2.62409377098083     
  2.5415435E-02     2.22760939598083     
  2.6392952E-02    0.280707895755768     
  2.7370468E-02   -0.477600842714310     
  2.8347984E-02    0.818981349468231     
  2.9325500E-02    -2.73423838615417     
  3.0303016E-02     1.75175964832306     
  3.1280532E-02    0.845938682556152     
  3.2258049E-02   -0.843220233917236     
  3.3235565E-02     1.12505173683167     
  3.4213081E-02    -2.67207527160645     
  3.5190597E-02     1.15905618667603     
  3.6168113E-02     1.40341866016388     
  3.7145630E-02    -1.12418985366821     
  3.8123146E-02     1.29451990127563     
  3.9100662E-02    -2.44761943817139     
  4.0078178E-02    0.488524973392487     
  4.1055694E-02     1.90865647792816     
  4.2033210E-02    -1.29044413566589     
  4.3010727E-02     1.31944489479065     
  4.3988243E-02    -2.08277034759521     
  4.4965759E-02   -0.214903533458710     
  4.5943275E-02     2.32016658782959     
  4.6920791E-02    -1.32150030136108     
  4.7898307E-02     1.20419311523438     
  4.8875824E-02    -1.60950613021851     
  4.9853340E-02   -0.903862833976746     
  5.0830856E-02     2.60270690917969     
  5.1808372E-02    -1.20826506614685     
  5.2785888E-02    0.964954495429993     
  5.3763404E-02    -1.06723141670227     
  5.4740921E-02    -1.53201079368591     
  5.5718437E-02     2.73017978668213     
  5.6695953E-02   -0.953863978385925     
  5.7673469E-02    0.628319561481476     
  5.8650985E-02   -0.499692440032959     
  5.9628502E-02    -2.05767893791199     
  6.0606018E-02     2.68776369094849     
  6.1583534E-02   -0.573527276515961     
  6.2561050E-02    0.229040339589119     
  6.3538566E-02    4.855537414550781E-002
  6.4516082E-02    -2.44689536094666     
  6.5493599E-02     2.47317886352539     
  6.6471115E-02   -9.347331523895264E-002
  6.7448631E-02   -0.192973077297211     
  6.8426147E-02    0.535660326480865     
  6.9403663E-02    -2.67599463462830     
  7.0381179E-02     2.09700703620911     
  7.1358696E-02    0.451091647148132     
  7.2336212E-02   -0.595853686332703     
  7.3313728E-02    0.925760746002197     
  7.4291244E-02    -2.73333287239075     
  7.5268760E-02     1.58189260959625     
  7.6246276E-02     1.01870775222778     
  7.7223793E-02   -0.939348399639130     
  7.8201309E-02     1.19176340103149     
  7.9178825E-02    -2.62008047103882     
  8.0156341E-02    0.961008012294769     
  8.1133857E-02     1.56491553783417     
  8.2111374E-02    -1.18815493583679     
  8.3088890E-02     1.31746447086334     
  8.4066406E-02    -2.35001659393311     
  8.5043922E-02    0.275505781173706     
  8.6021438E-02     2.04574632644653     
  8.6998954E-02    -1.31488263607025     
  8.7976471E-02     1.29865264892578     
  8.8953987E-02    -1.94833993911743     
  8.9931503E-02   -0.428568422794342     
  9.0909019E-02     2.42132043838501     
  9.1886535E-02    -1.30237638950348     
  9.2864051E-02     1.14339232444763     
  9.3841568E-02    -1.44962406158447     
  9.4819084E-02    -1.10376143455505     
  9.5796600E-02     2.65889167785645     
  9.6774116E-02    -1.14521920681000     
  9.7751632E-02    0.871234774589539     
  9.8729149E-02   -0.894911229610443     
  9.9706665E-02    -1.70480895042419     
  0.1006842         2.73560857772827     
  0.1016617       -0.850308537483215     
  0.1026392        0.511524081230164     
  0.1036167       -0.328557193279266     
  0.1045942        -2.19203662872314     
  0.1055718         2.64037966728210     
  0.1065493       -0.436325550079346     
  0.1075268        0.100937813520432     
  0.1085043        0.205248415470123     
  0.1094818        -2.53445863723755     
  0.1104593         2.37487125396729     
  0.1114369        6.743618845939636E-002
  0.1124144       -0.319695502519608     
  0.1133919        0.666217148303986     
  0.1143694        -2.71185827255249     
  0.1153469         1.95340049266815     
  0.1163244        0.623591065406799     
  0.1173020       -0.708558082580566     
  0.1182795         1.02093291282654     
  0.1192570        -2.71649575233459     
  0.1202345         1.40214920043945     
  0.1212120         1.18947029113770     
  0.1221895        -1.02664422988892     
  0.1231671         1.24536228179932     
  0.1241446        -2.55345010757446     
  0.1251221        0.756889402866364     
  0.1260996         1.72027492523193     
  0.1270771        -1.24070751667023     
  0.1280546         1.32690596580505     
  0.1290321        -2.24015712738037     
  0.1300097        6.075239181518555E-002
  0.1309872         2.17303180694580     
  0.1319647        -1.32630777359009     
  0.1329422         1.26511096954346     
  0.1339197        -1.80486249923706     
  0.1348972       -0.639554500579834     
  0.1358748         2.50959205627441     
  0.1368523        -1.26973700523376     
  0.1378298         1.07165563106537     
  0.1388073        -1.28452229499817     
  0.1397848        -1.29671859741211     
  0.1407623         2.70006537437439     
  0.1417399        -1.06932294368744     
  0.1427174        0.769334673881531     
  0.1436949       -0.721484243869781     
  0.1446724        -1.86692178249359     
  0.1456499         2.72498321533203     
  0.1466274       -0.735606372356415     
  0.1476050        0.389994978904724     
  0.1485825       -0.160524934530258     
  0.1495600        -2.31288909912109     
  0.1505375         2.57708215713501     
  0.1515150       -0.290775775909424     
  0.1524925       -2.812224626541138E-002
  0.1534701        0.355155467987061     
  0.1544476        -2.60658788681030     
  0.1554251         2.26196694374084     
  0.1564026        0.233277916908264     
  0.1573801       -0.443409264087677     
  0.1583576        0.786882579326630     
  0.1593352        -2.73159265518188     
  0.1603127         1.79772365093231     
  0.1612902        0.797062754631042     
  0.1622677       -0.814664363861084     
  0.1632452         1.10391819477081     
  0.1642227        -2.68401098251343     
  0.1652002         1.21359920501709     
  0.1661778         1.35699987411499     
  0.1671553        -1.10419416427612     
  0.1681328         1.28561329841614     
  0.1691103        -2.47277688980103     
  0.1700878        0.548086404800415     
  0.1710653         1.86840152740479     
  0.1720429        -1.28126168251038     
  0.1730204         1.32295274734497     
  0.1739979        -2.11887335777283     
  0.1749754       -0.154421582818031     
  0.1759529         2.28943300247192     
  0.1769304        -1.32445001602173     
  0.1779080         1.21925926208496     
  0.1788855        -1.65347266197205     
  0.1798630       -0.846444845199585     
  0.1808405         2.58423566818237     
  0.1818180        -1.22364544868469     
  0.1827955        0.989771842956543     
  0.1837731        -1.11541593074799     
  0.1847506        -1.48158681392670     
  0.1857281         2.72577190399170     
  0.1867056       -0.980942487716675     
  0.1876831        0.660217761993408     
  0.1886606       -0.548315525054932     
  0.1896382        -2.01748418807983     
  0.1906157         2.69821691513062     
  0.1915932       -0.610556900501251     
  0.1925707        0.264803111553192     
  0.1935482        3.323256969451904E-003
  0.1945257        -2.41948723793030     
  0.1955032         2.49819445610046     
  0.1964808       -0.137770354747772     
  0.1974583       -0.156876385211945     
  0.1984358        0.497166037559509     
  0.1994133        -2.66298675537109     
  0.2003908         2.13513135910034     
  0.2013683        0.402784883975983     
  0.2023459       -0.563048124313354     
  0.2033234        0.896822988986969     
  0.2043009        -2.73520946502686     
  0.2052784         1.63086175918579     
  0.2062559        0.970177948474884     
  0.2072334       -0.913101851940155     
  0.2082110         1.17430281639099     
  0.2091885        -2.63623499870300     
  0.2101660         1.01751136779785     
  0.2111435         1.52000808715820     
  0.2121210        -1.17125964164734     
  0.2130985         1.31236433982849     
  0.2140761        -2.37877798080444     
  0.2150536        0.335761129856110     
  0.2160311         2.00804376602173     
  0.2170086        -1.30930328369141     
  0.2179861         1.30581831932068     
  0.2189636        -1.98722672462463     
  0.2199412       -0.368623018264771     
  0.2209187         2.39408731460571     
  0.2218962        -1.30914068222046     
  0.2228737         1.16164815425873     
  0.2238512        -1.49525487422943     
  0.2248287        -1.04801893234253     
  0.2258063         2.64456820487976     
  0.2267838        -1.16431069374084     
  0.2277613        0.898544490337372     
  0.2287388       -0.943598747253418     
  0.2297163        -1.65712976455688     
  0.2306938         2.73569655418396     
  0.2316713       -0.880623579025269     
  0.2326489        0.544983506202698     
  0.2336264       -0.376604259014130     
  0.2346039        -2.15553855895996     
  0.2355814         2.65535831451416     
  0.2365589       -0.475942730903625     
  0.2375364        0.137156158685684     
  0.2385140        0.161713182926178     
  0.2394915        -2.51134729385376     
  0.2404690         2.40405535697937     
  0.2414465        2.152264118194580E-002
  0.2424240       -0.284267574548721     
  0.2434015        0.630415976047516     
  0.2443791        -2.70337772369385     
  0.2453566         1.99509620666504     
  0.2463341        0.574861884117126     
  0.2473116       -0.677406191825867     
  0.2482891        0.995341658592224     
  0.2492666        -2.72284102439880     
  0.2502442         1.45376360416412     
  0.2512217         1.14153993129730     
  0.2521992        -1.00292313098907     
  0.2531767         1.23159360885620     
  0.2541542        -2.57370924949646     
  0.2551318        0.815112292766571     
  0.2561093         1.67715120315552     
  0.2570868        -1.22706389427185     
  0.2580643         1.32560265064240     
  0.2590418        -2.27232933044434     
  0.2600193        0.121474288403988     
  0.2609968         2.13811683654785     
  0.2619744        -1.32442033290863     
  0.2629519         1.27584695816040     
  0.2639294        -1.84627103805542     
  0.2649069       -0.580354690551758     
  0.2658844         2.48602390289307     
  0.2668619        -1.28030538558960     
  0.2678395         1.09296798706055     
  0.2688170        -1.33158707618713     
  0.2697945        -1.24308681488037     
  0.2707720         2.68999338150024     
  0.2717495        -1.09203362464905     
  0.2727270        0.798836886882782     
  0.2737046       -0.770468711853027     
  0.2746821        -1.82228398323059     
  0.2756596         2.72961091995239     
  0.2766371       -0.769067168235779     
  0.2776146        0.424724847078323     
  0.2785921       -0.207530796527863     
  0.2795697        -2.28019094467163     
  0.2805472         2.59656810760498     
  0.2815247       -0.332613289356232     
  0.2825022        8.330125361680984E-003
  0.2834797        0.313543319702148     
  0.2844572        -2.58782911300659     
  0.2854348         2.29527425765991     
  0.2864123        0.185981124639511     
  0.2873898       -0.408890128135681     
  0.2883673        0.753878891468048     
  0.2893448        -2.72765254974365     
  0.2903223         1.84279775619507     
  0.2912998        0.748081803321838     
  0.2922774       -0.785409331321716     
  0.2932549         1.08177828788757     
  0.2942324        -2.69474887847900     
  0.2952099         1.26770687103271     
  0.2961874         1.31011867523193     
  0.2971649        -1.08332967758179     
  0.2981425         1.27562868595123     
  0.2991200        -2.49692893028259     
  0.3000975        0.607447981834412     
  0.3010750         1.82745075225830     
  0.3020525        -1.27106285095215     
  0.3030300         1.32541489601135     
  0.3040076        -2.15415978431702     
  0.3049851       -9.372901916503906E-002
  0.3059626         2.25772142410278     
  0.3069401        -1.32633054256439     
  0.3079176         1.23341727256775     
  0.3088951        -1.69695460796356     
  0.3098727       -0.788585782051086     
  0.3108502         2.56459021568298     
  0.3118277        -1.23802566528320     
  0.3128052         1.01384568214417     
  0.3137827        -1.16347539424896     
  0.3147602        -1.43023347854614     
  0.3157378         2.72010803222656     
  0.3167153        -1.00712132453918     
  0.3176928        0.691724896430969     
  0.3186703       -0.597054660320282     
  0.3196478        -1.97621810436249     
  0.3206253         2.70741748809814     
  0.3216029       -0.646825432777405     
  0.3225804        0.300437837839127     
  0.3235579       -4.248234629631042E-002
  0.3245354        -2.39090180397034     
  0.3255129         2.52202892303467     
  0.3264904       -0.181700289249420     
  0.3274679       -0.120664134621620     
  0.3284455        0.457921504974365     
  0.3294230        -2.64866137504578     
  0.3304005         2.17230105400085     
  0.3313780        0.354617506265640     
  0.3323555       -0.529805362224579     
  0.3333330        0.866920948028564     
  0.3343106        -2.73581457138062     
  0.3352881         1.67893087863922     
  0.3362656        0.921426594257355     
  0.3372431       -0.886137843132019     
  0.3382206         1.15575003623962     
  0.3391981        -2.65124177932739     
  0.3401757         1.07357692718506     
  0.3411532         1.47452938556671     
  0.3421307        -1.15343832969666     
  0.3431082         1.30618095397949     
  0.3440857        -2.40661406517029     
  0.3450632        0.395961821079254     
  0.3460408         1.96953463554382     
  0.3470183        -1.30268144607544     
  0.3479958         1.31197309494019     
  0.3489733        -2.02539157867432     
  0.3499508       -0.308342039585114     
  0.3509283         2.36579465866089     
  0.3519059        -1.31483149528503     
  0.3528834         1.17906463146210     
  0.3538609        -1.54052853584290     
  0.3548384       -0.991717219352722     
  0.3558159         2.62902402877808     
  0.3567934        -1.18239212036133     
  0.3577709        0.925198078155518     
  0.3587485       -0.992294490337372     
  0.3597260        -1.60856711864471     
  0.3607035         2.73450803756714     
  0.3616810       -0.910113513469696     
  0.3626585        0.578081011772156     
  0.3636360       -0.424745112657547     
  0.3646136        -2.11788892745972     
  0.3655911         2.66908407211304     
  0.3665686       -0.514772176742554     
  0.3675461        0.173364520072937     
  0.3685236        0.117604315280914     
  0.3695011        -2.48695993423462     
  0.3704787         2.43214130401611     
  0.3714562       -2.403205633163452E-002
  0.3724337       -0.248540610074997     
  0.3734112        0.593752264976501     
  0.3743887        -2.69360208511353     
  0.3753662         2.03591179847717     
  0.3763438        0.526110947132111     
  0.3773213       -0.645711600780487     
  0.3782988        0.968728661537170     
  0.3792763        -2.72793960571289     
  0.3802538         1.50471866130829     
  0.3812313         1.09349930286407     
  0.3822089       -0.978537917137146     
  0.3831864         1.21674823760986     
  0.3841639        -2.59278845787048     
  0.3851414        0.872709035873413     
  0.3861189         1.63341903686523     
  0.3870964        -1.21251368522644     
  0.3880740         1.32323622703552     
  0.3890515        -2.30361390113831     
  0.3900290        0.181982964277267     
  0.3910065         2.10249447822571     
  0.3919840        -1.32147741317749     
  0.3929615         1.28556811809540     
  0.3939390        -1.88686740398407     
  0.3949166       -0.520863771438599     
  0.3958941         2.46144771575928     
  0.3968716        -1.28981339931488     
  0.3978491         1.11340117454529     
  0.3988266        -1.37819015979767     
  0.3998041        -1.18876695632935     
  0.4007817         2.67872762680054     
  0.4017592        -1.11368763446808     
  0.4027367        0.827780187129974     
  0.4037142       -0.819317340850830     
  0.4046917        -1.77685761451721     
  0.4056692         2.73295927047729     
  0.4066468       -0.801601231098175     
  0.4076243        0.459054261445999     
  0.4086018       -0.254907160997391     
  0.4095793        -2.24637413024902     
  0.4105568         2.61477637290955     
  0.4115343       -0.373787701129913     
  0.4125119        4.468484967947006E-002
  0.4134894        0.271486699581146     
  0.4144669        -2.56779837608337     
  0.4154444         2.32745623588562     
  0.4164219        0.139302492141724     
  0.4173994       -0.374113082885742     
  0.4183770        0.720123350620270     
  0.4193545        -2.72244501113892     
  0.4203320         1.88701522350311     
  0.4213095        0.699100971221924     
  0.4222870       -0.755755722522736     
  0.4232645         1.05867183208466     
  0.4242420        -2.70423650741577     
  0.4252196         1.32097959518433     
  0.4261971         1.26290547847748     
  0.4271746        -1.06164431571960     
  0.4281521         1.26458787918091     
  0.4291296        -2.51994562149048     
  0.4301071        0.666356980800629     
  0.4310847         1.78580188751221     
  0.4320622        -1.25987696647644     
  0.4330397         1.32682037353516     
  0.4340172        -2.18855333328247     
  0.4349947       -3.314197808504105E-002
  0.4359722         2.22517395019531     
  0.4369498        -1.32714438438416     
  0.4379273         1.24662494659424     
  0.4389048        -1.73986983299255     
  0.4398823       -0.730406105518341     
  0.4408598         2.54387187957764     
  0.4418373        -1.25129270553589     
  0.4428149         1.03718566894531     
  0.4437924        -1.21129047870636     
  0.4447699        -1.37849378585815     
  0.4457474         2.71320486068726     
  0.4467249        -1.03227400779724     
  0.4477024        0.722600340843201     
  0.4486800       -0.645943164825439     
  0.4496575        -1.93397426605225     
  0.4506350         2.71528387069702     
  0.4516125       -0.682269632816315     
  0.4525900        0.335761845111847     
  0.4535675       -8.851930499076843E-002
  0.4545451        -2.36111307144165     
  0.4555226         2.54463982582092     
  0.4565001       -0.224828302860260     
  0.4574776       -8.440868556499481E-002
  0.4584551        0.418096542358398     
  0.4594326        -2.63312363624573     
  0.4604101         2.20840120315552     
  0.4613877        0.306677907705307     
  0.4623652       -0.496213197708130     
  0.4633427        0.836201786994934     
  0.4643202        -2.73514509201050     
  0.4652977         1.72628712654114     
  0.4662752        0.872573912143707     
  0.4672528       -0.858509898185730     
  0.4682303         1.13621675968170     
  0.4692078        -2.66502380371094     
  0.4701853         1.12896668910980     
  0.4711628         1.42861950397491     
  0.4721403        -1.13473761081696     
  0.4731179         1.29891943931580     
  0.4740954        -2.43336701393127     
  0.4750729        0.455813407897949     
  0.4760504         1.93038952350616     
  0.4770279        -1.29503822326660     
  0.4780054         1.31709456443787     
  0.4789830        -2.06259989738464     
  0.4799605       -0.248058199882507     
  0.4809380         2.33658719062805     
  0.4819155        -1.31943488121033     
  0.4828930         1.19557940959930     
  0.4838705        -1.58533072471619     
  0.4848481       -0.935205578804016     
  0.4858256         2.61234903335571     
  0.4868031        -1.19939029216766     
  0.4877806        0.951092958450317     
  0.4887581        -1.04084718227386     
  0.4897356        -1.55920386314392     
  0.4907131         2.73206305503845     
  0.4916907       -0.938615918159485     
  0.4926682        0.610667943954468     
  0.4936457       -0.473194509744644     
  0.4946232        -2.07919502258301     
  0.4956007         2.68153309822083     
  0.4965782       -0.552893042564392     
  0.4975558        0.209354400634766     
  0.4985333        7.311362028121948E-002
  0.4995108        -2.46136355400085     
  0.5004883         2.45904111862183     
  0.5014659       -6.914442777633667E-002
  0.5024434       -0.212539583444595     
  0.5034209        0.556239426136017     
  0.5043984        -2.68251419067383     
  0.5053759         2.07572174072266     
  0.5063534        0.477489203214645     
  0.5073310       -0.613536953926086     
  0.5083085        0.941099464893341     
  0.5092860        -2.73178458213806     
  0.5102635         1.55504894256592     
  0.5112410         1.04513502120972     
  0.5122185       -0.953355789184570     
  0.5131961         1.20084762573242     
  0.5141736        -2.61081409454346     
  0.5151511        0.930157601833344     
  0.5161286         1.58904743194580     
  0.5171061        -1.19699668884277     
  0.5180836         1.31979131698608     
  0.5190611        -2.33394956588745     
  0.5200387        0.242704689502716     
  0.5210162         2.06587076187134     
  0.5219937        -1.31747508049011     
  0.5229712         1.29431295394897     
  0.5239487        -1.92688298225403     
  0.5249262       -0.461111605167389     
  0.5259038         2.43569040298462     
  0.5268813        -1.29826474189758     
  0.5278588         1.13313770294189     
  0.5288363        -1.42453789710999     
  0.5298138        -1.13385295867920     
  0.5307913         2.66618871688843     
  0.5317689        -1.13443493843079     
  0.5327464        0.856175065040588     
  0.5337239       -0.868247687816620     
  0.5347014        -1.73043608665466     
  0.5356789         2.73502421379089     
  0.5366564       -0.833434581756592     
  0.5376340        0.493215560913086     
  0.5386115       -0.302688419818878     
  0.5395890        -2.21154308319092     
  0.5405665         2.63168454170227     
  0.5415440       -0.414532124996185     
  0.5425215        8.118951320648193E-002
  0.5434991        0.228637218475342     
  0.5444766        -2.54647135734558     
  0.5454541         2.35842180252075     
  0.5464316        9.262135624885559E-002
  0.5474091       -0.338883459568024     
  0.5483866        0.685375273227692     
  0.5493641        -2.71592164039612     
  0.5503417         1.93040525913239     
  0.5513192        0.650271773338318     
  0.5522967       -0.725313365459442     
  0.5532742         1.03445816040039     
  0.5542517        -2.71253252029419     
  0.5552292         1.37385952472687     
  0.5562068         1.21526873111725     
  0.5571843        -1.03921318054199     
  0.5581618         1.25241827964783     
  0.5591393        -2.54198050498962     
  0.5601168        0.725227713584900     
  0.5610943         1.74342489242554     
  0.5620719        -1.24768376350403     
  0.5630494         1.32716488838196     
  0.5640269        -2.22224354743958     
  0.5650044        2.776677906513214E-002
  0.5659819         2.19156241416931     
  0.5669594        -1.32688975334167     
  0.5679370         1.25884020328522     
  0.5689145        -1.78208673000336     
  0.5698920       -0.671566486358643     
  0.5708695         2.52193450927734     
  0.5718470        -1.26355707645416     
  0.5728245         1.05979800224304     
  0.5738021        -1.25871336460114     
  0.5747796        -1.32567358016968     
  0.5757571         2.70501875877380     
  0.5767346        -1.05657470226288     
  0.5777121        0.753091454505920     
  0.5786896       -0.695014357566833     
  0.5796672        -1.89088284969330     
  0.5806447         2.72192144393921     
  0.5816222       -0.717089593410492     
  0.5825997        0.371014744043350     
  0.5835772       -0.135168164968491     
  0.5845547        -2.33009052276611     
  0.5855322         2.56596636772156     
  0.5865098       -0.267728209495544     
  0.5874873       -4.790825024247169E-002
  0.5884648        0.377409636974335     
  0.5894423        -2.61623907089233     
  0.5904198         2.24350214004517     
  0.5913973        0.259112954139709     
  0.5923749       -0.462083220481873     
  0.5933524        0.804445803165436     
  0.5943299        -2.73318719863892     
  0.5953074         1.77290141582489     
  0.5962849        0.823771595954895     
  0.5972624       -0.830311477184296     
  0.5982400         1.11555957794189     
  0.5992175        -2.67767000198364     
  0.6001950         1.18406939506531     
  0.6011725         1.38218951225281     
  0.6021500        -1.11522340774536     
  0.6031275         1.29060268402100     
  0.6041051        -2.45921683311462     
  0.6050826        0.515737056732178     
  0.6060601         1.89033460617065     
  0.6070376        -1.28635942935944     
  0.6080151         1.32116651535034     
  0.6089926        -2.09929490089417     
  0.6099702       -0.187346026301384     
  0.6109477         2.30625939369202     
  0.6119252        -1.32298243045807     
  0.6129027         1.21121609210968     
  0.6138802        -1.62952411174774     
  0.6148577       -0.877797186374664     
  0.6158352         2.59442591667175     
  0.6168128        -1.21542263031006     
  0.6177903        0.976401686668396     
  0.6187678        -1.08934926986694     
  0.6197453        -1.50919115543365     
  0.6207228         2.72833013534546     
  0.6217003       -0.966328382492065     
  0.6226779        0.642964243888855     
  0.6236554       -0.521925806999207     
  0.6246329        -2.03937387466431     
  0.6256104         2.69267559051514     
  0.6265879       -0.590471863746643     
  0.6275654        0.245370417833328     
  0.6285430        2.792781591415405E-002
  0.6295205        -2.43450021743774     
  0.6304980         2.48468089103699     
  0.6314755       -0.113677680492401     
  0.6324530       -0.176562294363976     
  0.6334305        0.518182337284088     
  0.6344081        -2.67020463943481     
  0.6353856         2.11460328102112     
  0.6363631        0.429146021604538     
  0.6373406       -0.580989062786102     
  0.6383181        0.912678718566895     
  0.6392956        -2.73434662818909     
  0.6402732         1.60435473918915     
  0.6412507        0.996474325656891     
  0.6422282       -0.927523136138916     
  0.6432057         1.18394184112549     
  0.6441832        -2.62759184837341     
  0.6451607        0.986853718757629     
  0.6461383         1.54439878463745     
  0.6471158        -1.18051993846893     
  0.6480933         1.31528306007385     
  0.6490708        -2.36324381828308     
  0.6500483        0.303000748157501     
  0.6510258         2.02863669395447     
  0.6520033        -1.31245398521423     
  0.6529809         1.30206441879272     
  0.6539584        -1.96609187126160     
  0.6549359       -0.401278972625732     
  0.6559134         2.40902829170227     
  0.6568909        -1.30559897422791     
  0.6578684         1.15186512470245     
  0.6588460        -1.47059929370880     
  0.6598235        -1.07851195335388     
  0.6608010         2.65251207351685     
  0.6617785        -1.15405881404877     
  0.6627560        0.883788585662842     
  0.6637335       -0.917230665683746     
  0.6647111        -1.68327450752258     
  0.6656886         2.73580670356750     
  0.6666661       -0.864231944084167     
  0.6676436        0.526841282844543     
  0.6686211       -0.350487142801285     
  0.6695986        -2.17544651031494     
  0.6705762         2.64733433723450     
  0.6715537       -0.454416096210480     
  0.6725312        0.117451541125774     
  0.6735087        0.185447514057159     
  0.6744862        -2.52402067184448     
  0.6754637         2.38838672637939     
  0.6764413        4.654979705810547E-002
  0.6774188       -0.303580313920975     
  0.6783963        0.650000989437103     
  0.6793738        -2.70814752578735     
  0.6803513         1.97262477874756     
  0.6813288        0.601254224777222     
  0.6823063       -0.694484472274780     
  0.6832839         1.00939130783081     
  0.6842614        -2.71954607963562     
  0.6852389         1.42579078674316     
  0.6862164         1.16759586334229     
  0.6871939        -1.01588225364685     
  0.6881714         1.23924517631531     
  0.6891490        -2.56279754638672     
  0.6901265        0.783440828323364     
  0.6911040         1.70066630840302     
  0.6920815        -1.23459005355835     
  0.6930590         1.32644248008728     
  0.6940365        -2.25487089157104     
  0.6950141        8.835650980472565E-002
  0.6959916         2.15724492073059     
  0.6969691        -1.32557725906372     
  0.6979466         1.27013981342316     
  0.6989241        -1.82368767261505     
  0.6999016       -0.612685739994049     
  0.7008792         2.49901390075684     
  0.7018567        -1.27469253540039     
  0.7028342         1.08149743080139     
  0.7038117        -1.30607271194458     
  0.7047892        -1.27245783805847     
  0.7057667         2.69563984870911     
  0.7067443        -1.07976889610291     
  0.7077218        0.782869994640350     
  0.7086993       -0.743870735168457     
  0.7096768        -1.84663510322571     
  0.7106543         2.72724246978760     
  0.7116318       -0.750918269157410     
  0.7126094        0.405817240476608     
  0.7135869       -0.181935101747513     
  0.7145644        -2.29808521270752     
  0.7155419         2.58615612983704     
  0.7165194       -0.309836864471436     
  0.7174969       -1.155535969883204E-002
  0.7184744        0.336290419101715     
  0.7194520        -2.59818267822266     
  0.7204295         2.27732753753662     
  0.7214070        0.211591601371765     
  0.7223845       -0.427782803773880     
  0.7233620        0.771987140178680     
  0.7243395        -2.72995901107788     
  0.7253171         1.81840419769287     
  0.7262946        0.774679362773895     
  0.7272721       -0.801495313644409     
  0.7282496         1.09399485588074     
  0.7292271        -2.68904304504395     
  0.7302046         1.23830556869507     
  0.7311822         1.33561742305756     
  0.7321597        -1.09476161003113     
  0.7331372         1.28121495246887     
  0.7341147        -2.48388671875000     
  0.7350922        0.575102508068085     
  0.7360697         1.84979593753815     
  0.7370473        -1.27672386169434     
  0.7380248         1.32420873641968     
  0.7390023        -2.13499093055725     
  0.7399798       -0.126844197511673     
  0.7409573         2.27513504028320     
  0.7419348        -1.32544076442719     
  0.7429124         1.22584676742554     
  0.7438899        -1.67341327667236     
  0.7448674       -0.820237874984741     
  0.7458449         2.57544732093811     
  0.7468224        -1.23032283782959     
  0.7477999         1.00085091590881     
  0.7487774        -1.13740849494934     
  0.7497550        -1.45817279815674     
  0.7507325         2.72335672378540     
  0.7517100       -0.992959737777710     
  0.7526875        0.674621999263763     
  0.7536650       -0.570544123649597     
  0.7546425        -1.99874758720398     
  0.7556201         2.70258784294128     
  0.7565976       -0.627111852169037     
  0.7575751        0.281025201082230     
  0.7585526       -1.747500896453857E-002
  0.7595301        -2.40658807754517     
  0.7605076         2.50923848152161     
  0.7614852       -0.157720983028412     
  0.7624627       -0.140455245971680     
  0.7634402        0.479414999485016     
  0.7644177        -2.65662431716919     
  0.7653952         2.15225028991699     
  0.7663727        0.380745083093643     
  0.7673503       -0.548012018203735     
  0.7683278        0.883344292640686     
  0.7693053        -2.73564291000366     
  0.7702828         1.65286600589752     
  0.7712603        0.947912096977234     
  0.7722378       -0.900862514972687     
  0.7732154         1.16599869728088     
  0.7741929        -2.64320254325867     
  0.7751704         1.04305839538574     
  0.7761479         1.49927878379822     
  0.7771254        -1.16322505474091     
  0.7781029         1.30967211723328     
  0.7790805        -2.39155459403992     
  0.7800580        0.363145470619202     
  0.7810355         1.99063372612000     
  0.7820130        -1.30640435218811     
  0.7829905         1.30875873565674     
  0.7839680        -2.00476288795471     
  0.7849455       -0.341246038675308     
  0.7859231         2.38135218620300     
  0.7869006        -1.31186079978943     
  0.7878781         1.16971874237061     
  0.7888556        -1.51600241661072     
  0.7898331        -1.02235150337219     
  0.7908106         2.63764929771423     
  0.7917882        -1.17265760898590     
  0.7927657        0.910743534564972     
  0.7937432       -0.965869486331940     
  0.7947207        -1.63503658771515     
  0.7956982         2.73531723022461     
  0.7966757       -0.894139707088470     
  0.7976533        0.560078144073486     
  0.7986308       -0.398514807224274     
  0.7996083        -2.13846254348755     
  0.8005858         2.66178941726685     
  0.8015633       -0.493624150753021     
  0.8025408        0.153627276420593     
  0.8035184        0.141728341579437     
  0.8044959        -2.50035238265991     
  0.8054734         2.41703748703003     
  0.8064509        6.500482559204102E-004
  0.8074284       -0.268053889274597     
  0.8084059        0.613846838474274     
  0.8093835        -2.69909381866455     
  0.8103610         2.01387333869934     
  0.8113385        0.552567601203918     
  0.8123160       -0.662982285022736     
  0.8132935        0.983363986015320     
  0.8142710        -2.72531437873840     
  0.8152485         1.47701430320740     
  0.8162261         1.11967718601227     
  0.8172036       -0.991904020309448     
  0.8181811         1.22494029998779     
  0.8191586        -2.58259153366089     
  0.8201361        0.841553509235382     
  0.8211136         1.65712225437164     
  0.8220912        -1.22062289714813     
  0.8230687         1.32466840744019     
  0.8240462        -2.28658604621887     
  0.8250237        0.148902118206024     
  0.8260012         2.12207770347595     
  0.8269787        -1.32321310043335     
  0.8279563         1.28039956092834     
  0.8289338        -1.86485171318054     
  0.8299113       -0.553200602531433     
  0.8308888         2.47489500045776     
  0.8318663        -1.28480815887451     
  0.8328438         1.10227870941162     
  0.8338214        -1.35263133049011     
  0.8347989        -1.21860980987549     
  0.8357764         2.68503856658936     
  0.8367539        -1.10196995735168     
  0.8377314        0.812067151069641     
  0.8387089       -0.792729973793030     
  0.8396865        -1.80169582366943     
  0.8406640         2.73130059242249     
  0.8416415       -0.784078717231750     
  0.8426190        0.440493881702423     
  0.8435965       -0.229264527559280     
  0.8445740        -2.26512837409973     
  0.8455516         2.60490775108337     
  0.8465291       -0.351347684860229     
  0.8475066        2.480601891875267E-002
  0.8484841        0.294558942317963     
  0.8494616        -2.57887959480286     
  0.8504391         2.31004142761230     
  0.8514166        0.164616912603378     
  0.8523942       -0.392992198467255     
  0.8533717        0.738515555858612     
  0.8543492        -2.72542548179626     
  0.8553267         1.86323165893555     
  0.8563042        0.726063907146454     
  0.8572817       -0.772083759307861     
  0.8582593         1.07143044471741     
  0.8592368        -2.69919967651367     
  0.8602143         1.29192614555359     
  0.8611918         1.28869950771332     
  0.8621693        -1.07357406616211     
  0.8631468         1.27070260047913     
  0.8641244        -2.50760865211487     
  0.8651019        0.634477615356445     
  0.8660794         1.80839073657990     
  0.8670569        -1.26615643501282     
  0.8680344         1.32617759704590     
  0.8690119        -2.16985106468201     
  0.8699895       -6.627900898456573E-002
  0.8709670         2.24308490753174     
  0.8719445        -1.32683277130127     
  0.8729220         1.23953890800476     
  0.8738995        -1.71653163433075     
  0.8748770       -0.761976718902588     
  0.8758546         2.55523610115051     
  0.8768321        -1.24423575401306     
  0.8778096         1.02466714382172     
  0.8787871        -1.18499946594238     
  0.8797646        -1.40694582462311     
  0.8807421         2.71713399887085     
  0.8817196        -1.01863837242126     
  0.8826972        0.705780446529388     
  0.8836747       -0.619265556335449     
  0.8846522        -1.95713806152344     
  0.8856297         2.71116900444031     
  0.8866072       -0.663162589073181     
  0.8875847        0.316651195287704     
  0.8885623       -6.352654099464417E-002
  0.8895398        -2.37765598297119     
  0.8905173         2.53234410285950     
  0.8914948       -0.201249897480011     
  0.8924723       -0.104244977235794     
  0.8934498        0.439958095550537     
  0.8944274        -2.64177703857422     
  0.8954049         2.18884229660034     
  0.8963824        0.332798808813095     
  0.8973599       -0.514461517333984     
  0.8983374        0.852956116199493     
  0.8993149        -2.73566579818726     
  0.9002925         1.70079731941223     
  0.9012700        0.899478971958160     
  0.9022475       -0.873800456523895     
  0.9032250         1.14702558517456     
  0.9042025        -2.65763425827026     
  0.9051800         1.09874379634857     
  0.9061576         1.45371484756470     
  0.9071351        -1.14504683017731     
  0.9081126         1.30301415920258     
  0.9090901        -2.41899824142456     
  0.9100676        0.423410296440125     
  0.9110451         1.95168900489807     
  0.9120227        -1.29929542541504     
  0.9130002         1.31440353393555     
  0.9139777        -2.04229640960693     
  0.9149552       -0.281042695045471     
  0.9159327         2.35268068313599     
  0.9169102        -1.31705009937286     
  0.9178877         1.18668341636658     
  0.9188653        -1.56095147132874     
  0.9198428       -0.965961933135986     
  0.9208203         2.62152814865112     
  0.9217978        -1.19030928611755     
  0.9227753        0.937149405479431     
  0.9237528        -1.01413750648499     
  0.9247304        -1.58647680282593     
  0.9257079         2.73355913162231     
  0.9266854       -0.923142850399017     
  0.9276629        0.592901647090912     
  0.9286404       -0.446744143962860     
  0.9296179        -2.10043048858643     
  0.9305955         2.67490077018738     
  0.9315730       -0.532327115535736     
  0.9325505        0.189871370792389     
  0.9335280        9.727972745895386E-002
  0.9345055        -2.47534704208374     
  0.9354830         2.44437980651855     
  0.9364606       -4.436558485031128E-002
  0.9374381       -0.232330337166786     
  0.9384156        0.576931774616241     
  0.9393931        -2.68876266479492     
  0.9403706         2.05413150787354     
  0.9413481        0.503994345664978     
  0.9423257       -0.631146073341370     
  0.9433032        0.956250369548798     
  0.9442807        -2.72985005378723     
  0.9452582         1.52775788307190     
  0.9462357         1.07129800319672     
  0.9472132       -0.967308878898621     
  0.9481907         1.20973134040833     
  0.9491683        -2.60105895996094     
  0.9501458        0.898666620254517     
  0.9511233         1.61347758769989     
  0.9521008        -1.20557570457458     
  0.9530783         1.32180380821228     
  0.9540558        -2.31752061843872     
  0.9550334        0.209677606821060     
  0.9560109         2.08589935302734     
  0.9569884        -1.31978297233582     
  0.9579659         1.28962349891663     
  0.9589434        -1.90493988990784     
  0.9599209       -0.494036674499512     
  0.9608985         2.44996476173401     
  0.9618760        -1.29375767707825     
  0.9628535         1.12243366241455     
  0.9638310        -1.39930343627930     
  0.9648085        -1.16388022899628     
  0.9657860         2.67316198348999     
  0.9667636        -1.12327253818512     
  0.9677411        0.840803146362305     
  0.9687186       -0.841809213161469     
  0.9696961        -1.75609970092773     
  0.9706736         2.73404622077942     
  0.9716511       -0.816061973571777     
  0.9726287        0.474500119686127     
  0.9736062       -0.276416242122650     
  0.9745837        -2.23072600364685     
  0.9755612         2.62259364128113     
  0.9765387       -0.392442584037781     
  0.9775162        6.133208796381950E-002
  0.9784938        0.252023577690125     
  0.9794713        -2.55823040008545     
  0.9804488         2.34178543090820     
  0.9814263        0.118210494518280     
  0.9824038       -0.358262181282043     
  0.9833813        0.704557716846466     
  0.9843588        -2.71966409683228     
  0.9853364         1.90669584274292     
  0.9863139        0.676969587802887     
  0.9872914       -0.741946697235107     
  0.9882689         1.04775595664978     
  0.9892464        -2.70817303657532     
  0.9902239         1.34517002105713     
  0.9912015         1.24122548103333     
  0.9921790        -1.05169057846069     
  0.9931565         1.25923407077789     
  0.9941340        -2.53001761436462     
  0.9951115        0.692942917346954     
  0.9960890         1.76677143573761     
  0.9970666        -1.25450015068054     
  0.9980441         1.32710766792297     
  0.9990216        -2.20402216911316     
  0.9999991       -5.375535227358341E-003
   1.000977         2.20996189117432     
